coverage;chromosome;position;alt_allele;ref_allele;vaf;Coverage
1..10;1;107770629;A;G;0.1089999973773956;1
1..10;1;247036831;A;C;0.5690000057220459;1
1..10;10;18678330;T;C;0.0520000010728836;5
1..10;10;53802984;A;C;0.335999995470047;5
1..10;11;104887175;A;G;0.4629999995231628;5
1..10;11;107666727;T;C;0.0430000014603138;1
1..10;12;48496319;G;C;0.2049999982118606;5
1..10;14;35081419;A;G;0.4180000126361847;1
1..10;14;54538631;A;C;0.101000003516674;1
1..10;18;26852265;A;T;0.2280000001192093;1
1..10;19;21035134;C;T;0.5199999809265137;1
1..10;2;162219025;A;G;0.3860000073909759;5
1..10;2;169645788;T;G;0.6610000133514404;5
1..10;2;183099555;G;T;0.3459999859333038;1
1..10;2;197552678;T;A;0.101000003516674;5
1..10;2;207080246;C;T;0.4799999892711639;1
1..10;20;32238443;C;T;0.382999986410141;5
1..10;20;41267637;C;G;0.414000004529953;5
1..10;20;63969931;G;C;0.4659999907016754;5
1..10;3;15668691;G;C;0.9950000047683716;1
1..10;4;15519875;C;G;0.9850000143051147;5
1..10;4;107953333;A;C;0.4990000128746032;1
1..10;4;158171608;C;G;0.9940000176429749;1
1..10;4;174320290;C;T;0.9959999918937684;1
1..10;5;72914431;G;T;0.1589999943971634;5
1..10;7;44020406;G;GAAGACACCTGTTGCC;0.382999986410141;5
1..10;7;81967663;G;A;0.0759999975562095;1
1..10;8;120536672;T;TC;0.1330000013113021;1
10..30;1;33743669;C;G;0.1589999943971634;20
10..30;1;85319066;G;C;0.2619999945163727;15
10..30;1;87107554;A;G;0.5529999732971191;25
10..30;1;111982877;T;C;0.4799999892711639;20
10..30;1;116111759;C;T;0.4779999852180481;15
10..30;1;179105846;T;C;0.6779999732971191;15
10..30;1;179813632;A;G;0.2980000078678131;25
10..30;1;179813633;C;A;0.2989999949932098;25
10..30;1;217668967;T;G;0.4390000104904175;10
10..30;1;232038284;G;C;0.5569999814033508;20
10..30;1;245083509;G;A;0.3729999959468841;25
10..30;10;5956497;G;C;0.99099999666214;25
10..30;10;23442124;A;G;0.1150000020861625;15
10..30;10;23442125;T;A;0.1159999966621398;15
10..30;10;70784663;T;C;0.4560000002384186;15
10..30;10;80273375;A;G;0.4690000116825104;25
10..30;10;101001039;G;A;0.1700000017881393;20
10..30;10;104046624;C;G;0.99099999666214;15
10..30;11;6410518;T;C;0.9950000047683716;10
10..30;11;63813585;T;G;0.181999996304512;15
10..30;11;70270785;T;G;0.2010000050067901;10
10..30;11;89420211;C;T;0.5149999856948853;10
10..30;11;128968555;C;A;0.4939999878406524;20
10..30;12;10191484;C;G;0.5189999938011169;25
10..30;12;12562343;C;G;0.2290000021457672;20
10..30;12;24812289;A;G;0.2119999974966049;25
10..30;12;57571935;T;A;0.481000006198883;20
10..30;12;85979205;G;A;0.9940000176429749;15
10..30;12;106066126;C;G;0.996999979019165;25
10..30;12;109447417;A;C;0.503000020980835;25
10..30;14;64232449;G;C;0.9990000128746032;20
10..30;14;77024550;T;C;0.238999992609024;10
10..30;15;78131522;T;C;0.270000010728836;15
10..30;17;6684778;C;G;0.3240000009536743;15
10..30;17;18988513;T;C;0.3140000104904175;25
10..30;17;29120930;C;G;0.9950000047683716;10
10..30;17;40937286;A;G;0.0379999987781047;15
10..30;17;45222039;T;C;0.9940000176429749;10
10..30;17;45640596;T;G;0.1150000020861625;25
10..30;18;22176910;C;G;0.0900000035762786;20
10..30;19;44113365;G;C;0.503000020980835;20
10..30;19;44213096;C;G;0.4709999859333038;10
10..30;19;49342311;C;G;0.9980000257492064;20
10..30;19;54601973;A;G;0.2899999916553497;15
10..30;2;11344357;A;G;0.9869999885559082;15
10..30;2;112584781;T;C;0.9929999709129332;10
10..30;2;169645793;A;T;0.6660000085830688;10
10..30;2;192177574;G;A;0.5249999761581421;10
10..30;2;232329722;C;G;0.6000000238418579;15
10..30;20;4780598;A;C;0.3759999871253967;20
10..30;20;51693765;A;G;0.2730000019073486;25
10..30;22;23164333;T;C;0.101000003516674;25
10..30;3;64650461;A;C;0.996999979019165;20
10..30;3;126656127;A;G;0.4289999902248382;25
10..30;3;132505476;G;A;0.2479999959468841;10
10..30;4;1740801;A;G;0.9959999918937684;25
10..30;4;56312993;C;G;0.5680000185966492;20
10..30;4;70244958;T;A;0.0740000009536743;10
10..30;4;94291222;A;G;0.2619999945163727;10
10..30;4;144002685;C;T;0.0579999983310699;20
10..30;4;153622026;C;G;0.9959999918937684;10
10..30;4;169095206;G;C;0.9919999837875366;25
10..30;5;184627;G;C;0.3100000023841858;20
10..30;5;31553393;A;G;0.210999995470047;25
10..30;5;102236752;G;T;0.4569999873638153;25
10..30;5;122388613;C;G;0.996999979019165;20
10..30;5;135448915;A;G;0.9959999918937684;25
10..30;6;76072475;C;G;0.1580000072717666;10
10..30;6;117709850;G;C;0.2230000048875808;15
10..30;6;158077821;G;C;0.9959999918937684;25
10..30;6;167208829;C;G;0.3300000131130218;15
10..30;8;24509496;G;A;0.1879999935626983;15
10..30;8;24918785;C;A;0.1770000010728836;15
10..30;8;60866898;C;G;0.3389999866485595;25
10..30;8;66439273;T;C;0.1110000014305114;20
10..30;8;66813874;T;C;0.3339999914169311;10
10..30;8;67267309;G;A;0.335999995470047;10
10..30;8;69466613;G;C;0.335999995470047;20
10..30;8;80518630;G;C;0.2750000059604645;20
10..30;8;85439106;T;C;0.3039999902248382;25
10..30;9;113387776;T;C;0.9900000095367432;25
10..30;9;121328765;G;T;0.5329999923706055;15
10..30;9;137590440;G;C;0.2610000073909759;10
30..50;1;1574734;T;C;0.9940000176429749;40
30..50;1;26039716;T;G;0.9950000047683716;40
30..50;1;27612686;T;G;0.1150000020861625;35
30..50;1;65637992;C;A;0.3770000040531158;35
30..50;1;83904034;G;A;0.414000004529953;40
30..50;1;87329086;T;C;0.5460000038146973;45
30..50;1;92300283;G;C;0.2450000047683715;45
30..50;1;109265333;G;C;0.5230000019073486;35
30..50;1;109509577;G;C;0.481000006198883;30
30..50;1;119914435;T;C;0.4160000085830688;30
30..50;1;147757950;C;G;0.6470000147819519;40
30..50;1;152806509;A;C;0.1230000033974647;35
30..50;1;154579186;C;G;0.3459999859333038;40
30..50;1;165437329;C;A;0.3330000042915344;35
30..50;1;183243654;T;G;0.0520000010728836;30
30..50;1;226606529;C;A;0.090999998152256;45
30..50;1;228307554;A;G;0.210999995470047;45
30..50;1;231220790;T;C;0.4099999964237213;35
30..50;1;241652603;A;G;0.061999998986721;35
30..50;10;7161282;T;G;1.0;35
30..50;10;18680490;A;G;0.9940000176429749;40
30..50;10;48823499;C;T;0.3350000083446502;35
30..50;10;73438198;C;T;0.1949999928474426;40
30..50;10;88989478;A;G;0.0460000000894069;45
30..50;10;100164228;C;G;0.9940000176429749;45
30..50;11;2146993;T;G;0.4880000054836273;45
30..50;11;68174274;G;C;0.4399999976158142;30
30..50;11;72224782;C;G;0.4690000116825104;40
30..50;11;101998983;G;A;0.0480000004172325;45
30..50;11;120299526;C;G;0.9980000257492064;40
30..50;11;122957249;A;C;0.9990000128746032;40
30..50;12;6850642;G;C;0.2809999883174896;45
30..50;12;12562148;C;G;0.2090000063180923;45
30..50;12;70336611;G;C;0.9869999885559082;45
30..50;12;72022345;T;C;0.1140000000596046;45
30..50;12;108912017;A;C;0.4629999995231628;35
30..50;12;120194727;A;C;0.0529999993741512;35
30..50;12;130806849;G;C;0.4799999892711639;30
30..50;12;131844177;C;G;0.996999979019165;40
30..50;15;69406986;A;G;0.1560000032186508;30
30..50;15;70048094;C;G;0.0780000016093254;30
30..50;15;70895626;G;C;0.5350000262260437;30
30..50;15;89210217;T;C;0.1620000004768371;45
30..50;15;89671702;A;C;0.1550000011920929;40
30..50;16;2020077;G;C;0.032999999821186;45
30..50;16;3383670;C;A;0.1120000034570694;45
30..50;17;35132507;G;C;0.9959999918937684;35
30..50;17;37491552;C;A;0.06700000166893;30
30..50;19;1785172;A;G;0.101000003516674;35
30..50;19;15913025;G;C;0.1019999980926513;45
30..50;19;44919295;G;A;0.9900000095367432;45
30..50;19;47843282;G;C;0.9980000257492064;30
30..50;19;57213066;C;G;0.9959999918937684;30
30..50;2;45005499;A;G;0.3300000131130218;30
30..50;2;86025443;G;C;0.5789999961853027;45
30..50;2;86025467;G;C;0.5929999947547913;40
30..50;2;148761998;C;G;0.181999996304512;30
30..50;2;200816181;A;C;0.4569999873638153;45
30..50;2;200889230;G;T;0.4690000116825104;35
30..50;2;232556572;C;G;0.3939999938011169;40
30..50;2;236124225;T;C;0.3420000076293945;35
30..50;2;236124877;G;C;0.3619999885559082;40
30..50;20;31514436;G;C;0.2960000038146972;45
30..50;20;33217479;G;C;0.6259999871253967;40
30..50;20;44497775;G;C;0.032999999821186;45
30..50;20;44619552;A;G;0.5139999985694885;45
30..50;21;21418545;T;C;0.0659999996423721;35
30..50;21;46209725;A;G;0.1669999957084655;45
30..50;21;46209726;A;G;0.1689999997615814;45
30..50;22;41301617;T;C;0.2469999939203262;35
30..50;3;13505852;A;G;0.3319999873638153;45
30..50;3;128967818;A;G;0.257999986410141;35
30..50;3;160448892;T;G;0.0520000010728836;35
30..50;4;41646299;G;C;0.0850000008940696;30
30..50;4;44707451;G;C;0.4460000097751617;40
30..50;4;47624021;A;G;0.3210000097751617;45
30..50;4;74450508;A;C;0.0549999997019767;45
30..50;4;87529167;G;C;0.6660000085830688;30
30..50;5;16473681;T;G;0.4950000047683716;35
30..50;5;39270316;C;T;0.675000011920929;35
30..50;5;122431925;C;G;0.996999979019165;45
30..50;5;142152302;G;C;0.996999979019165;35
30..50;5;157473516;T;G;0.328000009059906;35
30..50;5;158712060;G;C;0.6610000133514404;35
30..50;6;132391535;GT;G;0.8529999852180481;45
30..50;6;144499195;A;C;0.9929999709129332;30
30..50;6;165293227;G;T;0.9980000257492064;40
30..50;7;2512831;C;A;0.9980000257492064;45
30..50;7;4909705;C;G;0.9959999918937684;40
30..50;7;30883201;G;C;0.3379999995231628;35
30..50;7;101314919;G;C;0.1969999969005584;35
30..50;7;138116854;G;C;0.8289999961853027;45
30..50;7;144380490;T;C;0.0949999988079071;35
30..50;7;156681583;A;C;0.0520000010728836;40
30..50;8;1783249;T;C;0.0520000010728836;40
30..50;8;27871429;C;G;0.9959999918937684;35
30..50;8;119557083;C;G;0.3619999885559082;30
30..50;9;6554804;A;AAGCAAAAGTCAAGAGCTTGGAAGCACCCTCC;0.0649999976158142;30
30..50;9;113387662;G;C;0.9929999709129332;30
30..50;9;113485515;T;A;0.9879999756813048;40
30..50;9;128422202;T;C;0.9940000176429749;30
30..50;9;132987230;C;G;0.1159999966621398;45
30..50;9;137181620;G;C;0.7329999804496765;45
50..100;1;1391558;A;C;0.1589999943971634;90
50..100;1;12001578;T;C;0.1030000001192092;50
50..100;1;20773427;A;G;0.1180000007152557;60
50..100;1;28718082;G;C;0.9929999709129332;55
50..100;1;32888866;G;T;0.1270000040531158;90
50..100;1;33567887;G;C;0.9959999918937684;60
50..100;1;35448200;G;T;0.0299999993294477;80
50..100;1;42179175;T;A;0.2619999945163727;95
50..100;1;54405449;A;C;0.3759999871253967;95
50..100;1;56867776;A;C;0.3680000007152557;75
50..100;1;63437079;T;G;0.3610000014305115;85
50..100;1;67052899;A;G;0.3819999992847442;70
50..100;1;77559130;G;T;0.4199999868869781;95
50..100;1;92847140;T;G;0.7310000061988831;65
50..100;1;112956212;A;G;0.5059999823570251;75
50..100;1;149930147;C;G;0.2669999897480011;65
50..100;1;150159834;C;G;0.6589999794960022;60
50..100;1;157520391;A;G;0.2829999923706054;75
50..100;1;160038404;G;C;0.6439999938011169;50
50..100;1;160175883;T;G;0.6769999861717224;50
50..100;1;171704133;G;C;0.2949999868869781;95
50..100;1;200858296;T;TATGTGTTATCAG;0.2460000067949295;95
50..100;1;203741500;G;C;0.7699999809265137;50
50..100;1;205813151;T;G;0.5809999704360962;80
50..100;1;207071385;A;G;0.4059999883174896;65
50..100;1;212791835;A;ATCCGGCTGGAAACTCAGGACGCTGCAGCTGAAACGT;0.0879999995231628;85
50..100;1;216418729;C;G;0.0769999995827674;50
50..100;10;5882953;C;G;0.209999993443489;55
50..100;10;6441871;T;C;0.061999998986721;55
50..100;10;11330539;C;T;0.9990000128746032;70
50..100;10;43128682;A;C;0.3070000112056732;70
50..100;10;84517520;T;C;0.996999979019165;60
50..100;11;695346;C;G;0.9940000176429749;65
50..100;11;6401237;T;C;0.9950000047683716;75
50..100;11;6458439;T;C;0.9950000047683716;70
50..100;11;20119412;G;C;0.9929999709129332;50
50..100;11;32830061;C;G;0.99099999666214;50
50..100;11;47415410;G;C;0.996999979019165;90
50..100;11;57648341;T;G;0.4169999957084656;60
50..100;11;66474469;T;G;0.550000011920929;80
50..100;11;69698678;A;C;0.5669999718666077;55
50..100;11;77610176;T;C;0.1159999966621398;70
50..100;11;93814409;G;A;0.4740000069141388;70
50..100;11;108474713;A;C;0.9919999837875366;65
50..100;11;118531118;A;C;0.9879999756813048;50
50..100;11;119663460;T;C;0.5099999904632568;65
50..100;11;126256472;T;C;0.996999979019165;60
50..100;12;3733079;T;C;0.1140000000596046;55
50..100;12;4489659;C;G;0.9959999918937684;85
50..100;12;7202823;C;G;0.0450000017881393;55
50..100;12;27962641;C;T;0.3100000023841858;95
50..100;12;32108541;G;C;0.6700000166893005;70
50..100;12;49463428;G;A;0.2259999960660934;50
50..100;12;67295104;A;G;0.1049999967217445;65
50..100;12;67649776;A;C;0.99099999666214;65
50..100;12;76050689;A;G;0.9940000176429749;85
50..100;12;110028429;A;C;0.9940000176429749;80
50..100;12;112966053;C;G;0.9919999837875366;50
50..100;12;120784750;A;G;0.996999979019165;60
50..100;13;46834690;C;T;0.2639999985694885;60
50..100;13;91398955;C;T;0.5440000295639038;80
50..100;14;20557431;A;G;0.1480000019073486;60
50..100;14;23273393;G;C;0.4819999933242798;60
50..100;14;26447828;T;A;0.4040000140666961;60
50..100;14;54776354;T;C;0.2540000081062317;80
50..100;14;70047519;A;T;0.1110000014305114;50
50..100;14;104112064;C;T;0.6909999847412109;95
50..100;14;105311975;T;C;0.99099999666214;80
50..100;15;51751672;A;G;0.9919999837875366;50
50..100;15;52112320;C;CG;0.06700000166893;95
50..100;15;57621786;C;G;0.2419999986886978;60
50..100;15;61852393;T;C;0.515999972820282;95
50..100;15;74047201;A;G;0.1560000032186508;70
50..100;15;80163587;C;T;0.0680000036954879;80
50..100;15;81147997;G;A;0.1449999958276748;55
50..100;16;3204225;G;C;0.6370000243186951;55
50..100;16;3751904;A;G;0.3459999859333038;50
50..100;16;3792126;A;T;0.3379999995231628;75
50..100;16;24215029;A;C;0.4909999966621399;75
50..100;16;27850590;C;G;0.449999988079071;80
50..100;16;30924354;C;T;0.2509999871253967;80
50..100;17;327620;C;G;0.0740000009536743;65
50..100;17;1516860;G;C;0.06700000166893;60
50..100;17;5413902;G;A;0.9980000257492064;80
50..100;17;7807669;G;C;0.9950000047683716;55
50..100;17;35447309;A;G;0.9980000257492064;85
50..100;17;42609399;C;T;0.996999979019165;70
50..100;17;53822975;T;G;0.4779999852180481;65
50..100;17;74951140;A;T;0.1150000020861625;70
50..100;17;75611647;G;A;0.0599999986588954;70
50..100;18;8832586;A;G;0.9919999837875366;80
50..100;18;46721543;G;C;0.4850000143051147;70
50..100;19;2524582;A;G;0.2230000048875808;75
50..100;19;3123263;T;A;0.9890000224113464;95
50..100;19;13836644;A;G;0.25;95
50..100;19;15114940;C;CCATCTTTGTGGATAATAAATAAATATG;0.0439999997615814;60
50..100;19;15508442;A;G;0.4819999933242798;70
50..100;19;33211055;G;C;0.4350000023841858;80
50..100;19;37692270;A;G;0.2790000140666961;50
50..100;19;40741994;T;C;0.996999979019165;60
50..100;19;45939646;T;G;0.0399999991059303;70
50..100;19;49449331;C;G;0.5130000114440918;70
50..100;19;51717343;T;A;0.1809999942779541;90
50..100;19;55226999;C;G;0.4760000109672546;70
50..100;19;56470013;A;T;0.996999979019165;90
50..100;19;56578884;G;A;0.101000003516674;85
50..100;19;57709132;A;C;0.0570000000298023;95
50..100;19;58387450;C;G;0.996999979019165;60
50..100;19;58408619;T;C;0.9959999918937684;85
50..100;2;36846676;G;C;0.2370000034570694;85
50..100;2;44285717;A;G;0.9950000047683716;95
50..100;2;110116048;C;G;0.9940000176429749;55
50..100;2;126902118;T;C;0.1899999976158142;75
50..100;2;176172751;A;T;0.0740000009536743;60
50..100;2;182981198;A;G;0.2469999939203262;80
50..100;2;189561579;T;C;0.2329999953508377;75
50..100;2;207088424;G;C;0.5630000233650208;60
50..100;2;210658789;A;C;0.5419999957084656;95
50..100;2;218234831;C;G;0.4210000038146972;85
50..100;2;218991946;C;G;0.4560000002384186;60
50..100;2;233145901;T;C;0.0520000010728836;85
50..100;2;241190240;T;C;0.2899999916553497;55
50..100;20;25297805;T;C;0.1030000001192092;50
50..100;20;32216942;T;C;0.6110000014305115;55
50..100;20;34882686;T;C;0.2080000042915344;55
50..100;20;44054176;A;G;0.4979999959468841;85
50..100;20;58771335;G;C;0.2790000140666961;75
50..100;20;59026831;T;C;0.4650000035762787;90
50..100;20;63694680;A;G;0.5230000019073486;85
50..100;21;46315256;T;C;0.324999988079071;60
50..100;22;29536548;G;A;0.2039999961853027;70
50..100;22;38862340;T;C;0.2569999992847442;50
50..100;3;4467286;C;G;0.996999979019165;90
50..100;3;9930194;G;C;0.9940000176429749;95
50..100;3;10505537;A;G;0.2980000078678131;50
50..100;3;38729038;G;GC;0.3009999990463257;85
50..100;3;39514207;G;C;0.996999979019165;50
50..100;3;42548945;A;G;0.0740000009536743;90
50..100;3;46893865;G;C;0.9990000128746032;65
50..100;3;48750668;G;GCAAACAAATGGTAGGAGTTGCCCAGGAAGGTATTTGGGCTGGA;0.0630000010132789;80
50..100;3;52513014;T;C;0.1089999973773956;85
50..100;3;53089347;T;G;0.996999979019165;65
50..100;3;57899167;T;G;0.2849999964237213;50
50..100;3;57899171;T;G;0.2860000133514404;55
50..100;3;100401698;T;C;0.9950000047683716;50
50..100;3;122615322;G;T;0.9959999918937684;90
50..100;3;127690188;T;C;0.1340000033378601;65
50..100;3;187229706;T;C;0.3519999980926513;65
50..100;3;190657232;T;C;0.2930000126361847;70
50..100;4;343934;T;C;0.1190000027418136;55
50..100;4;1823175;C;G;0.9929999709129332;60
50..100;4;2009336;T;C;0.9940000176429749;65
50..100;4;5757954;A;G;0.9950000047683716;70
50..100;4;5757955;T;G;0.9950000047683716;70
50..100;4;7938998;G;C;0.9950000047683716;50
50..100;4;25678192;G;A;0.3740000128746032;55
50..100;4;97187392;A;C;0.1780000030994415;75
50..100;4;128098247;A;G;0.0540000014007091;95
50..100;4;139533433;G;C;0.2349999994039535;75
50..100;4;150579230;G;A;0.3089999854564667;55
50..100;4;154322810;C;G;0.99099999666214;75
50..100;4;175633113;A;G;0.4589999914169311;55
50..100;5;37299405;G;C;0.481000006198883;60
50..100;5;73909347;G;C;0.9959999918937684;80
50..100;5;77432423;A;G;0.1979999989271164;55
50..100;5;103104741;A;G;0.0989999994635582;95
50..100;5;134606262;T;C;0.9980000257492064;60
50..100;5;138561034;T;C;0.9929999709129332;80
50..100;5;139648359;C;G;0.6690000295639038;55
50..100;5;150554757;T;G;0.6700000166893005;50
50..100;5;160688102;G;C;0.0750000029802322;55
50..100;5;168262872;C;T;0.0810000002384185;55
50..100;5;168663563;C;G;0.1369999945163726;85
50..100;5;179820845;T;C;0.3330000042915344;90
50..100;5;180100974;A;G;0.6589999794960022;70
50..100;6;63572351;A;T;0.6610000133514404;95
50..100;6;79699851;C;G;0.2840000092983246;90
50..100;6;82363828;A;C;0.6510000228881836;60
50..100;6;116545716;C;T;0.0469999983906745;60
50..100;6;132608848;A;G;0.1539999991655349;85
50..100;6;166306502;A;G;0.2560000121593475;60
50..100;6;170285513;A;G;0.0379999987781047;95
50..100;7;5307049;G;C;0.9990000128746032;85
50..100;7;29947395;C;T;0.3409999907016754;70
50..100;7;36690236;G;C;0.328000009059906;50
50..100;7;44254518;G;A;0.3310000002384186;80
50..100;7;86644321;T;G;0.7739999890327454;75
50..100;7;100478224;C;G;0.4239999949932098;95
50..100;7;100648916;T;C;0.3689999878406524;75
50..100;7;101087113;T;C;0.1990000009536743;75
50..100;7;128409974;G;C;0.0879999995231628;55
50..100;7;132124673;A;G;0.0920000001788139;50
50..100;7;137577331;A;G;0.8149999976158142;60
50..100;7;139955405;A;G;0.2080000042915344;50
50..100;7;143320621;T;G;0.0529999993741512;60
50..100;7;143390060;A;G;0.1669999957084655;50
50..100;8;6757635;G;C;0.9980000257492064;90
50..100;8;66919984;G;C;0.31700000166893;95
50..100;8;67086875;A;C;0.3499999940395355;75
50..100;8;71362098;G;C;0.3470000028610229;90
50..100;8;101688894;T;C;0.2479999959468841;50
50..100;8;108083619;A;C;0.4490000009536743;90
50..100;8;143368852;A;G;0.3009999990463257;70
50..100;8;144878996;G;C;0.3619999885559082;75
50..100;9;846862;A;G;0.0610000006854534;75
50..100;9;4985358;G;C;0.460999995470047;95
50..100;9;19049363;T;C;0.9950000047683716;55
50..100;9;77358275;T;C;0.328000009059906;65
50..100;9;92885181;A;T;0.3409999907016754;50
50..100;9;99826856;A;C;0.3289999961853027;75
50..100;9;105548555;G;C;0.6660000085830688;60
50..100;9;121759150;A;G;0.977999985218048;60
50..100;9;122378980;A;G;0.2280000001192093;50
50..100;9;124292060;G;C;0.0829999968409538;55
50..100;9;131094351;G;A;0.2179999947547912;50
50..100;9;136008117;T;A;0.2739999890327453;55
50..100;9;136115760;G;C;0.7260000109672546;85
100..300;1;1320793;A;G;0.9990000128746032;110
100..300;1;2591128;G;C;0.996999979019165;160
100..300;1;10647466;T;C;0.1120000034570694;155
100..300;1;12258129;G;C;0.9990000128746032;100
100..300;1;18849578;A;G;0.5090000033378601;120
100..300;1;35920839;T;G;0.1230000033974647;150
100..300;1;43338032;C;G;0.7749999761581421;175
100..300;1;43960390;T;G;0.2319999933242797;145
100..300;1;46658589;T;C;0.2119999974966049;115
100..300;1;50203199;A;G;0.0649999976158142;195
100..300;1;52055641;A;G;0.2460000067949295;120
100..300;1;52894697;C;A;0.6449999809265137;285
100..300;1;64832540;T;C;0.3429999947547912;160
100..300;1;107403782;A;G;0.492000013589859;115
100..300;1;119622238;C;G;0.2160000056028366;105
100..300;1;119966549;A;G;0.19200000166893;160
100..300;1;149899625;C;G;0.7049999833106995;135
100..300;1;154480758;G;A;0.1620000004768371;170
100..300;1;156042053;A;G;0.3210000097751617;215
100..300;1;158089591;G;C;0.0410000011324882;185
100..300;1;160548022;TA;T;0.0710000023245811;150
100..300;1;160880550;A;T;0.6669999957084656;105
100..300;1;161623483;A;G;0.3140000104904175;250
100..300;1;183235431;G;C;0.3389999866485595;120
100..300;1;193020407;G;A;0.0610000006854534;180
100..300;1;200029019;G;C;0.6840000152587891;270
100..300;1;205612985;C;G;0.6269999742507935;260
100..300;1;220690313;T;C;0.3619999885559082;185
100..300;1;225402193;A;G;0.4250000119209289;105
100..300;1;228182162;G;C;0.4339999854564667;115
100..300;1;231423619;A;C;0.0820000022649765;260
100..300;10;13123166;C;T;0.0450000017881393;130
100..300;10;89420839;G;C;0.996999979019165;145
100..300;10;92050427;T;C;0.9959999918937684;150
100..300;10;124620619;T;C;0.5389999747276306;105
100..300;10;127736565;T;C;0.1120000034570694;235
100..300;11;12944198;A;G;0.9959999918937684;130
100..300;11;56469901;A;T;0.0489999987185001;125
100..300;11;60047594;A;C;0.4449999928474426;135
100..300;11;60708823;C;T;0.5519999861717224;145
100..300;11;61955371;G;C;0.4300000071525574;150
100..300;11;64556481;C;G;0.5389999747276306;200
100..300;11;67256119;C;G;0.0410000011324882;135
100..300;12;1970848;C;G;0.2680000066757202;155
100..300;12;7101769;A;G;0.5299999713897705;140
100..300;12;10213914;C;G;0.2240000069141388;135
100..300;12;12119339;A;G;0.2269999980926513;165
100..300;12;12612221;G;C;0.2370000034570694;280
100..300;12;22449571;G;C;0.2930000126361847;115
100..300;12;49069827;A;G;0.996999979019165;130
100..300;12;67318946;G;A;0.1309999972581863;160
100..300;12;91178613;A;G;0.5009999871253967;180
100..300;14;21324542;G;C;0.5059999823570251;155
100..300;14;23270553;G;A;0.1030000001192092;270
100..300;14;28769266;C;G;0.593999981880188;130
100..300;14;50886809;T;C;0.4729999899864197;190
100..300;14;88615631;T;G;0.8320000171661377;100
100..300;14;92515490;G;A;0.8299999833106995;245
100..300;14;94624220;C;G;0.1589999943971634;180
100..300;14;101060651;A;T;0.1550000011920929;130
100..300;15;23039616;G;C;0.9929999709129332;110
100..300;15;39253816;C;G;0.5;230
100..300;15;39599361;T;C;0.4959999918937683;265
100..300;15;45481554;G;C;0.1049999967217445;120
100..300;15;63308029;A;C;0.1150000020861625;160
100..300;15;70667653;T;C;0.0590000003576278;120
100..300;15;80120246;C;T;0.2479999959468841;130
100..300;15;92466729;T;C;0.135000005364418;100
100..300;16;4767171;A;G;0.335999995470047;125
100..300;16;12910638;G;T;0.2039999961853027;180
100..300;16;22305469;T;A;0.1669999957084655;115
100..300;16;24806461;A;T;0.4869999885559082;190
100..300;16;29980814;A;G;0.4939999878406524;180
100..300;16;30894580;C;G;0.4869999885559082;195
100..300;16;30957437;T;G;0.1089999973773956;105
100..300;17;36071227;G;C;0.9950000047683716;155
100..300;17;40835792;G;A;0.0579999983310699;140
100..300;17;44777930;G;C;0.996999979019165;145
100..300;17;74748666;G;C;0.5220000147819519;270
100..300;17;75614937;C;G;0.503000020980835;160
100..300;17;76680930;G;C;0.1340000033378601;105
100..300;17;79115763;T;A;0.0549999997019767;130
100..300;17;81117849;G;A;0.1770000010728836;135
100..300;17;81906207;A;G;0.1840000003576278;150
100..300;17;82107530;A;C;0.0829999968409538;215
100..300;17;82239123;C;G;0.4210000038146972;230
100..300;17;82316017;T;C;0.1800000071525573;270
100..300;18;10670330;G;C;0.4779999852180481;110
100..300;18;23586526;T;C;0.4869999885559082;130
100..300;18;26057772;C;G;0.5009999871253967;145
100..300;18;31874325;C;G;0.4990000128746032;215
100..300;18;36355492;C;CTCCATCTGAGGAGCAGGTTGGGTA;0.0289999991655349;130
100..300;18;37244877;A;G;0.101000003516674;130
100..300;18;45065001;T;A;0.248999997973442;175
100..300;18;54357870;A;G;0.1539999991655349;220
100..300;18;54907757;C;G;0.1620000004768371;270
100..300;18;57031501;T;C;0.3389999866485595;190
100..300;19;2341278;T;C;0.4830000102519989;165
100..300;19;8322411;A;T;0.0379999987781047;195
100..300;19;13912635;G;C;0.5009999871253967;100
100..300;19;18107764;A;C;0.0640000030398368;160
100..300;19;23492164;T;A;0.2509999871253967;165
100..300;19;31128450;A;C;0.2039999961853027;170
100..300;19;35726507;T;C;0.2060000002384185;100
100..300;19;35843401;T;C;0.2800000011920929;205
100..300;19;55486070;A;C;0.4629999995231628;105
100..300;2;7109626;A;G;0.1190000027418136;110
100..300;2;25233971;A;G;0.5860000252723694;100
100..300;2;29045496;C;T;0.367000013589859;185
100..300;2;46384706;G;C;0.1289999932050705;170
100..300;2;46905211;C;G;0.6370000243186951;225
100..300;2;96738168;A;C;0.4099999964237213;125
100..300;2;97211773;T;C;0.1490000039339065;175
100..300;2;157736941;T;C;0.1669999957084655;130
100..300;2;159555875;T;G;0.9950000047683716;200
100..300;2;172087561;G;A;0.3569999933242798;180
100..300;2;183095803;T;C;0.2560000121593475;125
100..300;2;216503292;C;G;0.0949999988079071;195
100..300;2;227702681;G;C;0.2870000004768371;130
100..300;2;231594115;G;C;0.0820000022649765;105
100..300;20;31412779;T;A;0.2809999883174896;170
100..300;20;31666142;A;G;0.3079999983310699;105
100..300;20;35092906;A;G;0.1230000033974647;235
100..300;20;35650480;G;C;0.4350000023841858;225
100..300;20;44492757;T;C;0.5410000085830688;185
100..300;20;63587963;T;G;0.4990000128746032;115
100..300;20;64038223;A;C;0.1949999928474426;165
100..300;22;20425536;T;G;0.0430000014603138;115
100..300;22;32517993;G;C;0.4059999883174896;275
100..300;22;35552587;C;G;0.061999998986721;130
100..300;22;42614995;A;G;0.2150000035762787;115
100..300;22;42614996;A;G;0.2129999995231628;115
100..300;22;46256398;G;A;0.4869999885559082;105
100..300;22;46256399;A;G;0.481000006198883;105
100..300;22;47461797;T;C;0.5690000057220459;190
100..300;3;406942;T;A;0.0710000023245811;155
100..300;3;36714947;G;A;0.1389999985694885;105
100..300;3;48747179;G;C;0.9959999918937684;145
100..300;3;58204923;G;T;0.9929999709129332;125
100..300;3;58586755;T;A;0.0480000004172325;130
100..300;3;72997533;A;T;0.0649999976158142;170
100..300;3;129561740;A;G;0.2399999946355819;160
100..300;3;135259630;G;GCTCCTGAGT;0.1850000023841858;235
100..300;3;142807736;A;G;0.5009999871253967;115
100..300;3;179563151;A;T;0.1410000026226043;210
100..300;3;182919139;G;C;0.2709999978542328;135
100..300;3;183228132;C;G;0.2560000121593475;145
100..300;3;189738589;G;A;0.3350000083446502;110
100..300;4;10440223;C;G;0.1110000014305114;195
100..300;4;10440270;C;G;0.125;115
100..300;4;52862472;G;C;0.5849999785423279;160
100..300;4;52873700;A;G;0.0869999974966049;165
100..300;4;56436233;A;G;0.4009999930858612;115
100..300;4;70163874;T;C;0.0540000014007091;145
100..300;4;70482112;T;C;0.2949999868869781;240
100..300;4;70482617;C;G;0.6069999933242798;120
100..300;4;87007234;T;G;0.3310000002384186;125
100..300;4;107950646;C;G;0.2599999904632568;130
100..300;4;110050425;G;C;0.460999995470047;185
100..300;4;119494562;G;C;0.2479999959468841;165
100..300;4;186192069;T;G;0.0359999984502792;135
100..300;5;6668718;G;C;0.3289999961853027;190
100..300;5;10353764;G;C;0.2469999939203262;180
100..300;5;32711618;C;T;0.2460000067949295;115
100..300;5;35878606;T;G;0.2460000067949295;145
100..300;5;38478677;G;C;0.3269999921321869;225
100..300;5;42688843;A;T;0.6759999990463257;120
100..300;5;103129447;G;C;0.9980000257492064;115
100..300;5;141182171;T;C;0.3529999852180481;290
100..300;5;175528598;G;GA;0.1030000001192092;185
100..300;5;175528605;C;T;0.1180000007152557;185
100..300;5;179034078;G;A;0.1299999952316284;195
100..300;6;116516500;A;C;0.1679999977350235;245
100..300;6;127969860;C;G;0.996999979019165;125
100..300;6;150841324;G;A;0.3210000097751617;145
100..300;6;167041641;T;C;0.6320000290870667;245
100..300;7;4145951;A;G;0.5759999752044678;150
100..300;7;28823878;T;G;0.6340000033378601;220
100..300;7;30667184;C;T;0.3729999959468841;125
100..300;7;33605419;G;C;0.3420000076293945;255
100..300;7;42237065;A;G;0.6549999713897705;120
100..300;7;44044659;C;G;0.6349999904632568;280
100..300;7;55887460;A;T;0.3289999961853027;135
100..300;7;74601327;T;G;0.3379999995231628;100
100..300;7;85050623;G;C;0.0469999983906745;180
100..300;7;93922260;T;C;0.0820000022649765;220
100..300;7;98953141;C;G;0.4110000133514404;135
100..300;7;100466864;G;GGGACACGGGGACATTAAAGCTGCATA;0.1309999972581863;285
100..300;7;100479150;A;T;0.1860000044107437;170
100..300;7;102449217;A;T;0.0450000017881393;170
100..300;7;107208223;C;G;0.0480000004172325;165
100..300;7;115014479;G;C;0.31700000166893;190
100..300;7;122320144;T;C;0.0419999994337558;250
100..300;7;123570897;T;A;0.0979999974370002;150
100..300;7;150795289;T;C;0.8619999885559082;215
100..300;7;151000647;A;G;0.2179999947547912;100
100..300;7;152435965;C;G;0.0780000016093254;255
100..300;7;155395399;T;C;0.2060000002384185;160
100..300;8;66134925;A;G;0.3079999983310699;110
100..300;8;73421503;T;G;0.1019999980926513;120
100..300;8;94928300;C;T;0.0370000004768371;190
100..300;8;94930450;C;G;0.2619999945163727;120
100..300;8;95247528;T;G;0.2860000133514404;220
100..300;8;107497939;A;G;0.257999986410141;160
100..300;8;123182203;C;T;0.3210000097751617;190
100..300;8;123209636;T;C;0.2820000052452087;130
100..300;8;124973353;G;GAGGGGGTACCTTCCTCCCGGACCGCTGGGGGTGC;0.0659999996423721;240
100..300;8;125067720;C;CTAGAAACAGGAAAAGTGTTACCTGCT;0.0509999990463256;230
100..300;8;132100024;G;A;0.1500000059604644;280
100..300;8;133459437;T;C;0.1589999943971634;245
100..300;8;140818848;C;T;0.1589999943971634;165
100..300;8;144413906;A;C;0.9980000257492064;230
100..300;8;144811108;G;C;0.1829999983310699;215
100..300;9;14784671;G;C;0.4990000128746032;100
100..300;9;97365646;T;C;0.6769999861717224;200
100..300;9;127445102;G;A;0.0860000029206276;100
100..300;9;131578310;G;A;0.0659999996423721;200
100..300;9;131582515;C;A;0.1070000007748603;100
100..300;9;133405468;C;G;0.4359999895095825;260
100..300;9;137008691;C;G;0.2849999964237213;140
100..300;9;137086862;C;T;0.2680000066757202;135
100..300;9;137280377;T;C;0.7239999771118164;170
100..300;9;137281582;T;G;0.0560000017285347;235
≥300;1;172309527;G;C;0.6809999942779541;.
≥300;14;51968123;G;A;0.2509999871253967;.
≥300;14;60286594;A;T;0.1089999973773956;310
≥300;15;56918208;G;C;0.0489999987185001;.
≥300;15;59135873;C;G;0.5260000228881836;.
≥300;15;71824289;C;T;0.1500000059604644;.
≥300;15;78475939;A;T;0.2370000034570694;.
≥300;15;101653790;G;C;0.2259999960660934;.
≥300;17;76565610;G;C;0.4950000047683716;.
≥300;17;78215833;A;G;0.0480000004172325;335
≥300;18;46263224;A;C;0.0590000003576278;.
≥300;19;51601700;T;C;0.289000004529953;.
≥300;19;54808956;T;C;0.2770000100135803;.
≥300;2;74557535;T;C;0.1159999966621398;300
≥300;2;166197758;C;G;0.2599999904632568;.
≥300;22;23573199;T;A;0.3109999895095825;.
≥300;22;23573200;A;G;0.3109999895095825;.
≥300;22;50281816;T;G;0.2039999961853027;.
≥300;3;11790404;G;C;0.0529999993741512;.
≥300;3;43349384;A;G;0.0780000016093254;310
≥300;3;184136964;A;C;0.3230000138282776;300
≥300;4;46368552;T;A;0.5350000262260437;330
≥300;7;44878100;A;G;0.3409999907016754;.
≥300;7;75535086;C;G;0.3650000095367431;.
≥300;7;100188780;T;C;0.3880000114440918;.
≥300;7;101817586;T;C;0.3910000026226043;300
≥300;7;130686475;A;G;0.8159999847412109;.
≥300;7;157618002;G;C;0.0839999988675117;.
≥300;8;142774705;C;G;0.1650000065565109;310
≥300;8;144474144;G;C;0.1580000072717666;.
≥300;9;3825257;T;G;0.5080000162124634;.
≥300;9;3825296;C;G;0.5210000276565552;.
