coverage;chromosome;position;alt_allele;ref_allele;vaf;Coverage
1..10;1;109509577;G;C;0.481000006198883;5
1..10;11;63813585;T;G;0.181999996304512;1
1..10;11;118531118;A;C;0.9879999756813048;5
1..10;15;78131522;T;C;0.270000010728836;1
1..10;16;2020077;G;C;0.032999999821186;5
1..10;17;45222039;T;C;0.9940000176429749;1
1..10;19;16896605;G;C;0.4909999966621399;5
1..10;19;17555816;T;G;0.515999972820282;1
1..10;19;44919295;G;A;0.9900000095367432;5
1..10;2;11344357;A;G;0.9869999885559082;5
1..10;20;63969931;G;C;0.4659999907016754;1
1..10;22;20425536;T;G;0.0430000014603138;5
1..10;22;41301617;T;C;0.2469999939203262;5
1..10;7;44020406;G;GAAGACACCTGTTGCC;0.382999986410141;5
1..10;7;128409974;G;C;0.0879999995231628;1
1..10;7;151115391;A;G;0.1190000027418136;1
1..10;8;120536672;T;TC;0.1330000013113021;5
1..10;8;143368852;A;G;0.3009999990463257;5
1..10;9;137590440;G;C;0.2610000073909759;1
1..10;9;138120682;A;G;0.2080000042915344;1
10..30;1;1574734;T;C;0.9940000176429749;10
10..30;1;36176447;A;G;0.996999979019165;10
10..30;1;87329086;T;C;0.5460000038146973;10
10..30;1;109265333;G;C;0.5230000019073486;25
10..30;1;111982877;T;C;0.4799999892711639;20
10..30;1;226737201;A;G;0.3659999966621399;15
10..30;1;231221014;A;ACCAGACACCCAGAGCC;0.2649999856948852;25
10..30;10;70784663;T;C;0.4560000002384186;15
10..30;10;80609406;T;C;0.4580000042915344;20
10..30;10;103440731;T;C;0.9919999837875366;10
10..30;10;104046624;C;G;0.99099999666214;20
10..30;11;6410518;T;C;0.9950000047683716;15
10..30;11;32830061;C;G;0.99099999666214;10
10..30;11;72224782;C;G;0.4690000116825104;15
10..30;11;72597532;C;A;0.096000000834465;20
10..30;11;104887175;A;G;0.4629999995231628;25
10..30;12;12562343;C;G;0.2290000021457672;10
10..30;12;48496319;G;C;0.2049999982118606;15
10..30;12;57571935;T;A;0.481000006198883;10
10..30;12;108912017;A;C;0.4629999995231628;20
10..30;12;120194727;A;C;0.0529999993741512;20
10..30;14;24068643;A;G;0.2280000001192093;25
10..30;15;51751672;A;G;0.9919999837875366;20
10..30;16;2175291;T;C;0.3420000076293945;25
10..30;16;30924354;C;T;0.2509999871253967;20
10..30;17;5007047;T;C;0.3269999921321869;10
10..30;17;6684778;C;G;0.3240000009536743;20
10..30;17;18988513;T;C;0.3140000104904175;25
10..30;17;40937286;A;G;0.0379999987781047;25
10..30;17;81902393;T;G;0.3840000033378601;10
10..30;18;22176910;C;G;0.0900000035762786;10
10..30;19;1785172;A;G;0.101000003516674;20
10..30;19;15508442;A;G;0.4819999933242798;15
10..30;19;37692270;A;G;0.2790000140666961;25
10..30;19;38609895;A;G;0.0579999983310699;20
10..30;19;39507413;G;C;0.1129999980330467;10
10..30;19;44113365;G;C;0.503000020980835;25
10..30;19;44213096;C;G;0.4709999859333038;10
10..30;19;45939646;T;G;0.0399999991059303;20
10..30;19;47843282;G;C;0.9980000257492064;20
10..30;19;49342311;C;G;0.9980000257492064;10
10..30;19;58387450;C;G;0.996999979019165;10
10..30;2;45005499;A;G;0.3300000131130218;20
10..30;2;72887695;A;G;0.4720000028610229;10
10..30;2;96689377;T;G;0.5580000281333923;25
10..30;2;112584781;T;C;0.9929999709129332;25
10..30;2;207080246;C;T;0.4799999892711639;25
10..30;20;6006318;C;G;0.6200000047683716;15
10..30;20;32238443;C;T;0.382999986410141;10
10..30;20;41267637;C;G;0.414000004529953;20
10..30;21;46209725;A;G;0.1669999957084655;25
10..30;21;46209726;A;G;0.1689999997615814;20
10..30;22;19761146;A;C;0.050000000745058;20
10..30;3;10505537;A;G;0.2980000078678131;25
10..30;3;126498142;A;G;0.5180000066757202;10
10..30;4;1740801;A;G;0.9959999918937684;20
10..30;4;2009336;T;C;0.9940000176429749;25
10..30;4;7938998;G;C;0.9950000047683716;10
10..30;4;15519875;C;G;0.9850000143051147;20
10..30;4;153622026;C;G;0.9959999918937684;20
10..30;5;139648359;C;G;0.6690000295639038;25
10..30;5;179733119;G;C;0.3429999947547912;20
10..30;5;179820845;T;C;0.3330000042915344;20
10..30;6;63572351;A;T;0.6610000133514404;25
10..30;6;82363828;A;C;0.6510000228881836;25
10..30;6;96555171;C;G;0.9959999918937684;15
10..30;6;167208829;C;G;0.3300000131130218;20
10..30;7;5307049;G;C;0.9990000128746032;15
10..30;7;42237065;A;G;0.6549999713897705;25
10..30;7;101817586;T;C;0.3910000026226043;15
10..30;8;85439106;T;C;0.3039999902248382;15
10..30;9;6554804;A;AAGCAAAAGTCAAGAGCTTGGAAGCACCCTCC;0.0649999976158142;25
10..30;9;35609476;T;C;0.9959999918937684;25
10..30;9;121328765;G;T;0.5329999923706055;25
10..30;9;132987230;C;G;0.1159999966621398;25
10..30;9;133344292;C;G;0.7080000042915344;25
10..30;9;136115760;G;C;0.7260000109672546;25
10..30;9;136994920;T;C;0.7519999742507935;10
10..30;9;137255474;C;G;0.7200000286102295;20
10..30;9;137519962;T;C;0.0949999988079071;25
30..50;1;1336326;A;G;0.9980000257492064;40
30..50;1;22660991;A;G;0.9860000014305116;45
30..50;1;33743669;C;G;0.1589999943971634;45
30..50;1;36179727;A;G;0.2989999949932098;35
30..50;1;36179728;A;G;0.3000000119209289;30
30..50;1;111981621;T;C;0.096000000834465;40
30..50;1;116111759;C;T;0.4779999852180481;35
30..50;1;179813632;A;G;0.2980000078678131;40
30..50;1;179813633;C;A;0.2989999949932098;40
30..50;1;226606529;C;A;0.090999998152256;35
30..50;1;228307554;A;G;0.210999995470047;35
30..50;1;231220790;T;C;0.4099999964237213;45
30..50;1;247036831;A;C;0.5690000057220459;40
30..50;10;7161282;T;G;1.0;35
30..50;10;48823499;C;T;0.3350000083446502;35
30..50;10;80273375;A;G;0.4690000116825104;30
30..50;10;101001039;G;A;0.1700000017881393;45
30..50;11;2146993;T;G;0.4880000054836273;35
30..50;11;6410864;T;C;0.9890000224113464;30
30..50;12;10191484;C;G;0.5189999938011169;40
30..50;12;12562148;C;G;0.2090000063180923;30
30..50;12;47795780;T;C;0.9950000047683716;40
30..50;12;49069827;A;G;0.996999979019165;45
30..50;12;80495234;A;C;0.9990000128746032;35
30..50;12;81312084;T;G;0.9959999918937684;40
30..50;12;130806849;G;C;0.4799999892711639;40
30..50;13;113425168;T;G;0.5350000262260437;45
30..50;14;39247883;C;G;0.9929999709129332;45
30..50;14;64232449;G;C;0.9990000128746032;45
30..50;14;70047519;A;T;0.1110000014305114;40
30..50;14;77024550;T;C;0.238999992609024;40
30..50;14;104112064;C;T;0.6909999847412109;40
30..50;15;52112320;C;CG;0.06700000166893;45
30..50;15;74280669;T;G;0.5540000200271606;45
30..50;16;3204225;G;C;0.6370000243186951;40
30..50;17;1516860;G;C;0.06700000166893;35
30..50;17;7807669;G;C;0.9950000047683716;35
30..50;17;29120930;C;G;0.9950000047683716;30
30..50;17;35132507;G;C;0.9959999918937684;35
30..50;17;45640596;T;G;0.1150000020861625;30
30..50;17;75611647;G;A;0.0599999986588954;40
30..50;17;75614937;C;G;0.503000020980835;45
30..50;17;80050160;T;G;0.2039999961853027;40
30..50;18;80138229;T;G;0.5920000076293945;35
30..50;19;5928081;G;C;0.9919999837875366;30
30..50;19;49449331;C;G;0.5130000114440918;30
30..50;19;50625546;A;G;0.2750000059604645;35
30..50;19;54601973;A;G;0.2899999916553497;35
30..50;2;71611504;G;C;0.9950000047683716;40
30..50;2;232329722;C;G;0.6000000238418579;30
30..50;20;4780598;A;C;0.3759999871253967;40
30..50;20;33217479;G;C;0.6259999871253967;35
30..50;20;51693765;A;G;0.2730000019073486;30
30..50;20;64038223;A;C;0.1949999928474426;35
30..50;3;48584903;T;A;0.9959999918937684;35
30..50;3;64650461;A;C;0.996999979019165;30
30..50;3;122927971;C;G;0.9950000047683716;40
30..50;3;126656127;A;G;0.4289999902248382;40
30..50;4;5988667;A;T;0.1949999928474426;40
30..50;4;56312993;C;G;0.5680000185966492;35
30..50;4;158171608;C;G;0.9940000176429749;30
30..50;5;184627;G;C;0.3100000023841858;45
30..50;6;158077821;G;C;0.9959999918937684;35
30..50;7;2512831;C;A;0.9980000257492064;30
30..50;7;4909705;C;G;0.9959999918937684;30
30..50;7;42927154;A;G;0.3269999921321869;45
30..50;7;100127573;C;G;0.4110000133514404;35
30..50;7;100478224;C;G;0.4239999949932098;40
30..50;7;132124673;A;G;0.0920000001788139;40
30..50;7;139955405;A;G;0.2080000042915344;40
30..50;7;143390060;A;G;0.1669999957084655;40
30..50;8;24509496;G;A;0.1879999935626983;30
30..50;8;24918785;C;A;0.1770000010728836;40
30..50;8;69466613;G;C;0.335999995470047;45
30..50;8;142511012;G;C;0.0689999982714653;40
30..50;8;144500974;A;G;0.1389999985694885;35
30..50;9;113387776;T;C;0.9900000095367432;45
30..50;9;129102404;C;T;0.2290000021457672;40
30..50;9;130307566;A;G;0.2199999988079071;40
30..50;9;131094351;G;A;0.2179999947547912;35
30..50;9;131582515;C;A;0.1070000007748603;30
30..50;9;133354715;C;G;0.7110000252723694;40
30..50;9;136008117;T;A;0.2739999890327453;35
30..50;9;137181620;G;C;0.7329999804496765;35
50..100;1;1049980;C;G;1.0;50
50..100;1;12001578;T;C;0.1030000001192092;70
50..100;1;26039716;T;G;0.9950000047683716;90
50..100;1;27612686;T;G;0.1150000020861625;50
50..100;1;54405449;A;C;0.3759999871253967;65
50..100;1;102898164;A;G;0.492000013589859;75
50..100;1;109267889;C;A;0.515999972820282;80
50..100;1;109621023;A;C;0.5339999794960022;95
50..100;1;116584988;A;C;0.1169999986886978;50
50..100;1;119914435;T;C;0.4160000085830688;50
50..100;1;147757950;C;G;0.6470000147819519;60
50..100;1;150159834;C;G;0.6589999794960022;90
50..100;1;152806509;A;C;0.1230000033974647;95
50..100;1;154579186;C;G;0.3459999859333038;70
50..100;1;160038404;G;C;0.6439999938011169;75
50..100;1;160175883;T;G;0.6769999861717224;75
50..100;1;165437329;C;A;0.3330000042915344;90
50..100;1;179105846;T;C;0.6779999732971191;80
50..100;1;203347718;C;G;0.3310000002384186;60
50..100;1;204469485;G;A;0.3729999959468841;60
50..100;1;205813151;T;G;0.5809999704360962;60
50..100;1;220690313;T;C;0.3619999885559082;50
50..100;1;232038284;G;C;0.5569999814033508;70
50..100;1;241652603;A;G;0.061999998986721;60
50..100;10;1363721;A;G;0.0879999995231628;85
50..100;10;5882953;C;G;0.209999993443489;80
50..100;10;5956497;G;C;0.99099999666214;60
50..100;10;6441871;T;C;0.061999998986721;90
50..100;10;13740500;A;G;0.4860000014305115;60
50..100;10;27037173;A;G;0.1110000014305114;50
50..100;10;43128682;A;C;0.3070000112056732;85
50..100;10;48743018;T;C;0.3199999928474426;55
50..100;10;71762019;T;C;0.4909999966621399;85
50..100;10;73797261;A;G;0.9959999918937684;95
50..100;10;100164228;C;G;0.9940000176429749;90
50..100;11;695346;C;G;0.9940000176429749;50
50..100;11;45227439;T;A;0.4760000109672546;60
50..100;11;68174274;G;C;0.4399999976158142;75
50..100;11;69698678;A;C;0.5669999718666077;90
50..100;11;71490986;G;C;0.99099999666214;70
50..100;11;93721511;A;G;0.2060000002384185;60
50..100;11;93814409;G;A;0.4740000069141388;95
50..100;11;119663460;T;C;0.5099999904632568;60
50..100;11;122957249;A;C;0.9990000128746032;60
50..100;11;128968555;C;A;0.4939999878406524;55
50..100;12;3733079;T;C;0.1140000000596046;50
50..100;12;6850642;G;C;0.2809999883174896;70
50..100;12;49526215;A;G;0.9959999918937684;55
50..100;12;67649776;A;C;0.99099999666214;95
50..100;12;85979205;G;A;0.9940000176429749;65
50..100;12;88153291;T;G;0.996999979019165;75
50..100;12;106066126;C;G;0.996999979019165;65
50..100;12;109447417;A;C;0.503000020980835;50
50..100;12;109786790;A;C;0.9940000176429749;90
50..100;12;110899112;G;T;0.1909999996423721;65
50..100;12;112043095;C;A;0.9940000176429749;75
50..100;12;117476520;A;G;0.1019999980926513;95
50..100;12;131844177;C;G;0.996999979019165;65
50..100;12;132066878;A;G;0.515999972820282;75
50..100;13;24690373;G;C;0.1449999958276748;85
50..100;13;91398955;C;T;0.5440000295639038;60
50..100;13;106567754;A;ACCGCGACTC;0.1669999957084655;75
50..100;14;20557431;A;G;0.1480000019073486;75
50..100;14;32600791;T;A;0.5920000076293945;90
50..100;14;35081419;A;G;0.4180000126361847;75
50..100;15;23039616;G;C;0.9929999709129332;65
50..100;15;45133933;A;G;0.99099999666214;50
50..100;15;69406986;A;G;0.1560000032186508;90
50..100;15;70048094;C;G;0.0780000016093254;50
50..100;15;70060783;T;G;0.527999997138977;65
50..100;15;70895626;G;C;0.5350000262260437;80
50..100;15;81147997;G;A;0.1449999958276748;85
50..100;15;89671702;A;C;0.1550000011920929;55
50..100;15;90918178;T;C;0.0769999995827674;55
50..100;16;79675;A;C;0.1400000005960464;55
50..100;16;3751904;A;G;0.3459999859333038;85
50..100;16;4454855;T;G;0.6449999809265137;85
50..100;16;4767171;A;G;0.335999995470047;95
50..100;16;27850590;C;G;0.449999988079071;90
50..100;16;30957437;T;G;0.1089999973773956;95
50..100;16;31034332;T;G;0.5099999904632568;80
50..100;17;327620;C;G;0.0740000009536743;50
50..100;17;37491552;C;A;0.06700000166893;85
50..100;17;42609399;C;T;0.996999979019165;50
50..100;17;44929040;A;G;0.4670000076293945;70
50..100;17;53822975;T;G;0.4779999852180481;75
50..100;17;58249650;T;C;0.9980000257492064;50
50..100;17;74748666;G;C;0.5220000147819519;60
50..100;17;74795641;T;C;0.2560000121593475;85
50..100;17;74951140;A;T;0.1150000020861625;55
50..100;17;79115763;T;A;0.0549999997019767;80
50..100;18;23586526;T;C;0.4869999885559082;50
50..100;18;37244877;A;G;0.101000003516674;65
50..100;18;72865174;G;C;0.9890000224113464;50
50..100;19;2341278;T;C;0.4830000102519989;75
50..100;19;3123263;T;A;0.9890000224113464;55
50..100;19;6755018;C;T;0.9950000047683716;70
50..100;19;13912635;G;C;0.5009999871253967;65
50..100;19;21035134;C;T;0.5199999809265137;60
50..100;19;33211055;G;C;0.4350000023841858;50
50..100;19;35726507;T;C;0.2060000002384185;50
50..100;19;38477823;A;G;0.5529999732971191;90
50..100;19;40741994;T;C;0.996999979019165;75
50..100;19;51601700;T;C;0.289000004529953;70
50..100;19;55226999;C;G;0.4760000109672546;50
50..100;19;57213066;C;G;0.9959999918937684;65
50..100;19;57709132;A;C;0.0570000000298023;55
50..100;19;58408619;T;C;0.9959999918937684;85
50..100;2;25233971;A;G;0.5860000252723694;50
50..100;2;26430884;G;A;0.996999979019165;65
50..100;2;26458128;G;A;0.9990000128746032;50
50..100;2;63942506;G;C;0.9990000128746032;60
50..100;2;86025443;G;C;0.5789999961853027;65
50..100;2;86025467;G;C;0.5929999947547913;70
50..100;2;96145043;C;G;0.1330000013113021;95
50..100;2;110116048;C;G;0.9940000176429749;65
50..100;2;126902118;T;C;0.1899999976158142;65
50..100;2;148761998;C;G;0.181999996304512;90
50..100;2;162219025;A;G;0.3860000073909759;55
50..100;2;169645788;T;G;0.6610000133514404;70
50..100;2;169645793;A;T;0.6660000085830688;75
50..100;2;176172751;A;T;0.0740000009536743;70
50..100;2;183003036;G;A;0.2840000092983246;80
50..100;2;183099555;G;T;0.3459999859333038;70
50..100;2;200889230;G;T;0.4690000116825104;75
50..100;2;218991946;C;G;0.4560000002384186;90
50..100;2;219471925;G;A;0.4000000059604645;60
50..100;2;231594115;G;C;0.0820000022649765;80
50..100;2;232556572;C;G;0.3939999938011169;75
50..100;2;236124225;T;C;0.3420000076293945;60
50..100;2;236124877;G;C;0.3619999885559082;55
50..100;2;241190240;T;C;0.2899999916553497;60
50..100;20;4182497;A;C;0.593999981880188;90
50..100;20;25297805;T;C;0.1030000001192092;55
50..100;20;31514436;G;C;0.2960000038146972;65
50..100;20;34882686;T;C;0.2080000042915344;85
50..100;20;44619552;A;G;0.5139999985694885;60
50..100;20;45421558;T;C;0.2070000022649765;50
50..100;20;63587963;T;G;0.4990000128746032;90
50..100;20;63694680;A;G;0.5230000019073486;70
50..100;21;46315256;T;C;0.324999988079071;55
50..100;22;23164333;T;C;0.101000003516674;50
50..100;22;37631021;G;C;0.4939999878406524;75
50..100;22;38862340;T;C;0.2569999992847442;65
50..100;22;42614995;A;G;0.2150000035762787;90
50..100;22;42614996;A;G;0.2129999995231628;90
50..100;3;13505852;A;G;0.3319999873638153;50
50..100;3;38752270;A;T;0.0750000029802322;75
50..100;3;46893865;G;C;0.9990000128746032;85
50..100;3;48750668;G;GCAAACAAATGGTAGGAGTTGCCCAGGAAGGTATTTGGGCTGGA;0.0630000010132789;75
50..100;3;52513014;T;C;0.1089999973773956;60
50..100;3;58210852;C;G;0.9990000128746032;50
50..100;3;58586755;T;A;0.0480000004172325;95
50..100;3;128967818;A;G;0.257999986410141;55
50..100;3;183179683;A;G;0.4990000128746032;70
50..100;3;187229706;T;C;0.3519999980926513;70
50..100;4;1823175;C;G;0.9929999709129332;50
50..100;4;25678192;G;A;0.3740000128746032;80
50..100;4;41646299;G;C;0.0850000008940696;55
50..100;4;41984552;T;TTAGAACTGG;0.3120000064373016;80
50..100;4;70244958;T;A;0.0740000009536743;60
50..100;4;87007234;T;G;0.3310000002384186;70
50..100;4;144002685;C;T;0.0579999983310699;55
50..100;4;150579230;G;A;0.3089999854564667;90
50..100;4;154491219;C;G;0.9959999918937684;95
50..100;5;31553393;A;G;0.210999995470047;80
50..100;5;32711618;C;T;0.2460000067949295;50
50..100;5;39270316;C;T;0.675000011920929;55
50..100;5;54310435;T;A;0.1129999980330467;70
50..100;5;122388613;C;G;0.996999979019165;60
50..100;5;122431925;C;G;0.996999979019165;95
50..100;5;135448915;A;G;0.9959999918937684;75
50..100;5;150080891;A;G;0.9980000257492064;55
50..100;5;150204585;C;G;0.6740000247955322;95
50..100;5;150554757;T;G;0.6700000166893005;85
50..100;5;157473516;T;G;0.328000009059906;85
50..100;5;168262872;C;T;0.0810000002384185;65
50..100;5;172686237;A;G;0.0570000000298023;50
50..100;5;180100974;A;G;0.6589999794960022;85
50..100;6;76072475;C;G;0.1580000072717666;70
50..100;6;144499195;A;C;0.9929999709129332;80
50..100;6;165293227;G;T;0.9980000257492064;90
50..100;6;168066830;T;C;0.3680000007152557;70
50..100;6;170285513;A;G;0.0379999987781047;85
50..100;7;4145951;A;G;0.5759999752044678;65
50..100;7;27130624;T;C;0.3269999921321869;50
50..100;7;30689299;A;G;0.3030000030994415;60
50..100;7;30883201;G;C;0.3379999995231628;50
50..100;7;36690236;G;C;0.328000009059906;55
50..100;7;55887460;A;T;0.3289999961853027;50
50..100;7;73865621;C;G;0.3100000023841858;70
50..100;7;86644321;T;G;0.7739999890327454;75
50..100;7;100648916;T;C;0.3689999878406524;65
50..100;7;101087113;T;C;0.1990000009536743;85
50..100;7;101314919;G;C;0.1969999969005584;65
50..100;7;102449217;A;T;0.0450000017881393;80
50..100;7;140024672;T;TCAAAGATCA;0.1689999997615814;85
50..100;7;143320621;T;G;0.0529999993741512;55
50..100;7;144380490;T;C;0.0949999988079071;60
50..100;7;156681583;A;C;0.0520000010728836;90
50..100;8;1783249;T;C;0.0520000010728836;85
50..100;8;27871429;C;G;0.9959999918937684;90
50..100;8;38428420;A;G;0.9900000095367432;90
50..100;8;66439273;T;C;0.1110000014305114;70
50..100;8;80518630;G;C;0.2750000059604645;95
50..100;8;94543935;A;G;0.1400000005960464;90
50..100;8;101688894;T;C;0.2479999959468841;75
50..100;9;846862;A;G;0.0610000006854534;75
50..100;9;4985358;G;C;0.460999995470047;50
50..100;9;19049363;T;C;0.9950000047683716;50
50..100;9;37784016;A;T;0.4830000102519989;90
50..100;9;92885181;A;T;0.3409999907016754;90
50..100;9;113369792;A;G;0.4670000076293945;60
50..100;9;113387662;G;C;0.9929999709129332;50
50..100;9;121759150;A;G;0.977999985218048;75
50..100;9;122378980;A;G;0.2280000001192093;75
50..100;9;124292060;G;C;0.0829999968409538;55
50..100;9;128422202;T;C;0.9940000176429749;60
50..100;9;131120337;T;C;0.1379999965429306;95
50..100;9;133438313;C;A;0.0759999975562095;60
50..100;9;137008691;C;G;0.2849999964237213;55
50..100;9;137281582;T;G;0.0560000017285347;90
100..300;1;1320793;A;G;0.9990000128746032;105
100..300;1;1391558;A;C;0.1589999943971634;130
100..300;1;2591128;G;C;0.996999979019165;240
100..300;1;6620200;A;C;0.1389999985694885;240
100..300;1;10647466;T;C;0.1120000034570694;185
100..300;1;12258129;G;C;0.9990000128746032;245
100..300;1;16006134;T;G;0.9950000047683716;160
100..300;1;16972418;G;C;0.9980000257492064;170
100..300;1;18849578;A;G;0.5090000033378601;190
100..300;1;20773427;A;G;0.1180000007152557;180
100..300;1;27793607;G;C;0.9959999918937684;145
100..300;1;28718082;G;C;0.9929999709129332;110
100..300;1;32888866;G;T;0.1270000040531158;110
100..300;1;33567887;G;C;0.9959999918937684;190
100..300;1;35448200;G;T;0.0299999993294477;250
100..300;1;35594531;A;G;0.1509999930858612;280
100..300;1;39429922;C;G;0.2619999945163727;220
100..300;1;41510892;C;G;0.2430000007152557;135
100..300;1;42179175;T;A;0.2619999945163727;230
100..300;1;42794426;T;A;0.2319999933242797;250
100..300;1;43338032;C;G;0.7749999761581421;155
100..300;1;43960390;T;G;0.2319999933242797;280
100..300;1;46658589;T;C;0.2119999974966049;155
100..300;1;52961570;A;C;0.6209999918937683;180
100..300;1;56867776;A;C;0.3680000007152557;140
100..300;1;59858483;T;C;0.6290000081062317;200
100..300;1;65637992;C;A;0.3770000040531158;165
100..300;1;66834006;G;C;0.609000027179718;125
100..300;1;67052899;A;G;0.3819999992847442;175
100..300;1;76627440;T;C;0.1360000073909759;275
100..300;1;77559130;G;T;0.4199999868869781;235
100..300;1;83904034;G;A;0.414000004529953;165
100..300;1;87107554;A;G;0.5529999732971191;105
100..300;1;90714575;C;G;0.2469999939203262;115
100..300;1;92300283;G;C;0.2450000047683715;255
100..300;1;92847140;T;G;0.7310000061988831;205
100..300;1;93547460;A;T;0.0900000035762786;290
100..300;1;107403782;A;G;0.492000013589859;235
100..300;1;107770629;A;G;0.1089999973773956;125
100..300;1;111488999;C;G;0.4900000095367431;180
100..300;1;112956212;A;G;0.5059999823570251;130
100..300;1;119622238;C;G;0.2160000056028366;225
100..300;1;149899625;C;G;0.7049999833106995;135
100..300;1;149930147;C;G;0.2669999897480011;100
100..300;1;150261629;A;G;0.3300000131130218;245
100..300;1;151831100;T;C;0.3319999873638153;130
100..300;1;153689508;A;T;0.1389999985694885;250
100..300;1;154590263;A;T;0.3319999873638153;180
100..300;1;155868563;A;G;0.31700000166893;125
100..300;1;156042053;A;G;0.3210000097751617;290
100..300;1;157520391;A;G;0.2829999923706054;110
100..300;1;158089591;G;C;0.0410000011324882;250
100..300;1;158638013;C;T;0.6690000295639038;105
100..300;1;160548022;TA;T;0.0710000023245811;240
100..300;1;160876801;T;C;0.3059999942779541;125
100..300;1;160880550;A;T;0.6669999957084656;180
100..300;1;161752393;G;C;0.3409999907016754;155
100..300;1;167383891;G;A;0.3689999878406524;210
100..300;1;168300462;A;C;0.1260000020265579;160
100..300;1;179109010;C;T;0.3109999895095825;245
100..300;1;180196306;A;C;0.1509999930858612;115
100..300;1;183243654;T;G;0.0520000010728836;165
100..300;1;203741500;G;C;0.7699999809265137;160
100..300;1;204986103;G;C;0.597000002861023;110
100..300;1;207071385;A;G;0.4059999883174896;155
100..300;1;216418729;C;G;0.0769999995827674;115
100..300;1;217668967;T;G;0.4390000104904175;105
100..300;1;223264672;C;G;0.3569999933242798;230
100..300;1;226895578;C;G;0.0379999987781047;120
100..300;1;228182162;G;C;0.4339999854564667;185
100..300;1;231528839;T;A;0.5759999752044678;250
100..300;1;232805682;T;C;0.3589999973773956;105
100..300;1;241631412;G;C;0.4259999990463257;195
100..300;1;245083509;G;A;0.3729999959468841;170
100..300;10;11330539;C;T;0.9990000128746032;130
100..300;10;13481024;G;C;0.9959999918937684;195
100..300;10;18678330;T;C;0.0520000010728836;230
100..300;10;23442124;A;G;0.1150000020861625;155
100..300;10;23442125;T;A;0.1159999966621398;155
100..300;10;32567833;T;C;0.2339999973773956;170
100..300;10;37957501;T;C;0.4970000088214874;270
100..300;10;53802984;A;C;0.335999995470047;270
100..300;10;72375880;C;A;0.4480000138282776;155
100..300;10;73438198;C;T;0.1949999928474426;105
100..300;10;84517520;T;C;0.996999979019165;235
100..300;10;88989478;A;G;0.0460000000894069;205
100..300;10;92050427;T;C;0.9959999918937684;260
100..300;10;98415129;G;C;0.1059999987483024;145
100..300;10;124620619;T;C;0.5389999747276306;125
100..300;10;127736565;T;C;0.1120000034570694;165
100..300;11;862687;G;C;0.9950000047683716;120
100..300;11;6401001;T;C;0.9900000095367432;135
100..300;11;6401237;T;C;0.9950000047683716;125
100..300;11;6458439;T;C;0.9950000047683716;110
100..300;11;8682798;T;C;0.0590000003576278;270
100..300;11;12944198;A;G;0.9959999918937684;230
100..300;11;18707973;T;G;0.4979999959468841;270
100..300;11;20119412;G;C;0.9929999709129332;115
100..300;11;20638484;A;T;0.4900000095367431;235
100..300;11;31127523;C;T;0.996999979019165;225
100..300;11;47415410;G;C;0.996999979019165;145
100..300;11;56160039;A;G;0.2800000011920929;200
100..300;11;56469901;A;T;0.0489999987185001;255
100..300;11;57648341;T;G;0.4169999957084656;115
100..300;11;61955371;G;C;0.4300000071525574;120
100..300;11;64320895;C;T;0.44200000166893;205
100..300;11;64556481;C;G;0.5389999747276306;215
100..300;11;65583563;T;C;0.0509999990463256;110
100..300;11;66474469;T;G;0.550000011920929;155
100..300;11;67256119;C;G;0.0410000011324882;245
100..300;11;68036604;A;G;0.4169999957084656;140
100..300;11;72822508;C;G;0.4410000145435333;100
100..300;11;76191599;T;C;0.1340000033378601;110
100..300;11;77610176;T;C;0.1159999966621398;130
100..300;11;89420211;C;T;0.5149999856948853;110
100..300;11;92982015;T;G;0.5450000166893005;195
100..300;11;93699152;A;G;0.19200000166893;165
100..300;11;101998983;G;A;0.0480000004172325;225
100..300;11;107666727;T;C;0.0430000014603138;120
100..300;11;108474713;A;C;0.9919999837875366;160
100..300;11;119051919;G;T;0.0419999994337558;120
100..300;11;120299526;C;G;0.9980000257492064;110
100..300;11;123730742;A;G;0.4690000116825104;180
100..300;11;123943667;C;G;0.5109999775886536;190
100..300;11;126256472;T;C;0.996999979019165;145
100..300;11;130123667;C;G;0.1369999945163726;290
100..300;12;1884863;G;C;0.0689999982714653;135
100..300;12;1970848;C;G;0.2680000066757202;280
100..300;12;4489659;C;G;0.9959999918937684;175
100..300;12;6867653;C;G;0.6639999747276306;195
100..300;12;6938930;T;C;0.2689999938011169;210
100..300;12;6977354;T;G;0.2240000069141388;235
100..300;12;7101769;A;G;0.5299999713897705;165
100..300;12;7202823;C;G;0.0450000017881393;150
100..300;12;10213914;C;G;0.2240000069141388;280
100..300;12;12119339;A;G;0.2269999980926513;210
100..300;12;22449571;G;C;0.2930000126361847;225
100..300;12;31697922;T;G;0.3120000064373016;255
100..300;12;48693120;C;G;0.9990000128746032;135
100..300;12;49463428;G;A;0.2259999960660934;215
100..300;12;49649096;T;C;0.9950000047683716;200
100..300;12;51495109;T;C;0.5009999871253967;100
100..300;12;52771163;C;G;0.9950000047683716;115
100..300;12;67295104;A;G;0.1049999967217445;165
100..300;12;67318946;G;A;0.1309999972581863;280
100..300;12;72022345;T;C;0.1140000000596046;110
100..300;12;72575519;T;C;0.4790000021457672;110
100..300;12;76050689;A;G;0.9940000176429749;210
100..300;12;107746274;T;C;0.9959999918937684;220
100..300;12;110028429;A;C;0.9940000176429749;150
100..300;12;112966053;C;G;0.9919999837875366;115
100..300;12;120184837;A;G;0.2430000007152557;105
100..300;12;120784750;A;G;0.996999979019165;120
100..300;12;122591322;T;C;0.4709999859333038;145
100..300;12;123336506;C;G;0.2140000015497207;110
100..300;12;123838603;A;C;0.0370000004768371;115
100..300;13;25169964;T;C;0.3300000131130218;235
100..300;13;25541937;C;G;0.3039999902248382;210
100..300;13;25541938;T;A;0.3039999902248382;210
100..300;13;32339132;T;G;0.375;275
100..300;13;37746422;T;C;0.5440000295639038;145
100..300;13;45399009;T;C;0.4880000054836273;190
100..300;13;46834690;C;T;0.2639999985694885;185
100..300;14;21324542;G;C;0.5059999823570251;240
100..300;14;24060744;A;G;0.4659999907016754;100
100..300;14;24190419;A;G;0.0869999974966049;175
100..300;14;26448938;C;G;0.3970000147819519;150
100..300;14;49840710;G;C;0.0860000029206276;245
100..300;14;54776354;T;C;0.2540000081062317;100
100..300;14;60724008;G;C;0.9950000047683716;105
100..300;14;70060890;G;C;0.9940000176429749;120
100..300;14;76763118;T;A;0.996999979019165;105
100..300;14;76857485;G;C;0.9959999918937684;160
100..300;14;88615631;T;G;0.8320000171661377;245
100..300;14;94463232;T;G;0.4699999988079071;265
100..300;14;94624220;C;G;0.1589999943971634;215
100..300;14;95467922;T;C;0.0790000036358833;140
100..300;14;101060651;A;T;0.1550000011920929;205
100..300;14;105311975;T;C;0.99099999666214;130
100..300;14;105855091;T;C;0.9959999918937684;170
100..300;15;28815512;A;G;0.4709999859333038;125
100..300;15;40622779;T;C;0.4490000009536743;215
100..300;15;40622780;T;C;0.4519999921321869;210
100..300;15;43149137;C;G;0.9900000095367432;165
100..300;15;45481554;G;C;0.1049999967217445;205
100..300;15;49282071;T;G;1.0;195
100..300;15;50047462;G;A;0.9990000128746032;125
100..300;15;50643417;G;T;0.5170000195503235;250
100..300;15;55491108;A;C;0.0480000004172325;130
100..300;15;57621786;C;G;0.2419999986886978;270
100..300;15;62819537;A;G;0.4749999940395355;270
100..300;15;63308029;A;C;0.1150000020861625;200
100..300;15;69049034;C;G;0.4210000038146972;140
100..300;15;70667653;T;C;0.0590000003576278;190
100..300;15;74047201;A;G;0.1560000032186508;180
100..300;15;78999882;A;G;0.1449999958276748;120
100..300;15;80120246;C;T;0.2479999959468841;280
100..300;15;80163587;C;T;0.0680000036954879;275
100..300;15;89210217;T;C;0.1620000004768371;100
100..300;15;92466729;T;C;0.135000005364418;175
100..300;15;94399983;T;G;0.125;250
100..300;15;100900577;T;G;0.421999990940094;115
100..300;16;634075;A;G;0.3370000123977661;105
100..300;16;1320437;C;G;0.6309999823570251;165
100..300;16;2295601;G;C;0.6349999904632568;200
100..300;16;2762718;C;G;0.1280000060796737;205
100..300;16;2853213;A;G;0.0630000010132789;135
100..300;16;2853214;T;A;0.061999998986721;135
100..300;16;3383670;C;A;0.1120000034570694;105
100..300;16;3792126;A;T;0.3379999995231628;200
100..300;16;19266917;T;C;0.1739999949932098;135
100..300;16;20790936;A;G;0.1650000065565109;190
100..300;16;22305469;T;A;0.1669999957084655;105
100..300;16;24215029;A;C;0.4909999966621399;120
100..300;16;25221523;C;G;0.2680000066757202;165
100..300;16;31416199;G;C;0.2509999871253967;160
100..300;16;31473862;A;G;0.0390000008046627;170
100..300;17;4545725;C;T;0.356000006198883;110
100..300;17;4818361;T;TGGACAGAATCCTGAA;0.210999995470047;160
100..300;17;5413902;G;A;0.9980000257492064;155
100..300;17;7588500;C;G;0.6869999766349792;110
100..300;17;7675088;T;C;0.9929999709129332;200
100..300;17;10499041;A;G;0.9990000128746032;285
100..300;17;11784435;C;G;0.3300000131130218;240
100..300;17;18119985;T;C;0.9950000047683716;160
100..300;17;18143814;A;G;0.6600000262260437;205
100..300;17;29286060;G;C;1.0;155
100..300;17;35447309;A;G;0.9980000257492064;150
100..300;17;41516976;A;G;0.9929999709129332;180
100..300;17;44777930;G;C;0.996999979019165;145
100..300;17;45845905;T;C;0.9890000224113464;145
100..300;17;55720816;A;G;0.9929999709129332;175
100..300;17;73387878;T;G;0.1049999967217445;205
100..300;17;74771706;A;G;0.4990000128746032;130
100..300;17;74844321;T;C;0.492000013589859;175
100..300;17;75501507;G;C;0.0529999993741512;255
100..300;17;76680930;G;C;0.1340000033378601;125
100..300;17;78484883;T;A;0.2199999988079071;105
100..300;17;81117849;G;A;0.1770000010728836;115
100..300;17;81906207;A;G;0.1840000003576278;185
100..300;17;82107530;A;C;0.0829999968409538;155
100..300;17;82239123;C;G;0.4210000038146972;185
100..300;17;82316017;T;C;0.1800000071525573;140
100..300;18;6824791;C;A;0.4670000076293945;185
100..300;18;8832586;A;G;0.9919999837875366;215
100..300;18;14106119;C;G;0.4600000083446502;175
100..300;18;23907904;T;C;0.492000013589859;175
100..300;18;26852265;A;T;0.2280000001192093;270
100..300;18;36355492;C;CTCCATCTGAGGAGCAGGTTGGGTA;0.0289999991655349;190
100..300;18;46721543;G;C;0.4850000143051147;120
100..300;18;60371740;G;T;0.9810000061988832;110
100..300;18;80136552;T;C;0.6039999723434448;205
100..300;19;1605357;T;C;0.9860000014305116;140
100..300;19;2524582;A;G;0.2230000048875808;215
100..300;19;6044263;C;G;0.9959999918937684;100
100..300;19;8322411;A;T;0.0379999987781047;200
100..300;19;12580948;A;G;0.2240000069141388;205
100..300;19;12973460;T;C;0.0820000022649765;220
100..300;19;13836644;A;G;0.25;170
100..300;19;15913025;G;C;0.1019999980926513;100
100..300;19;16572289;G;C;0.4620000123977661;110
100..300;19;18107764;A;C;0.0640000030398368;195
100..300;19;19336158;C;A;0.125;120
100..300;19;31128450;A;C;0.2039999961853027;135
100..300;19;33772343;T;C;0.1829999983310699;155
100..300;19;35843401;T;C;0.2800000011920929;175
100..300;19;42274467;T;C;0.5040000081062317;190
100..300;19;49182562;T;C;0.4839999973773956;125
100..300;19;51717343;T;A;0.1809999942779541;165
100..300;19;54307703;G;C;0.0700000002980232;155
100..300;19;54821683;A;G;0.3050000071525574;295
100..300;19;55440641;T;G;0.1599999964237213;255
100..300;19;55486070;A;C;0.4629999995231628;230
100..300;19;55732557;T;C;0.1360000073909759;275
100..300;19;56470013;A;T;0.996999979019165;200
100..300;19;57130037;G;C;0.5040000081062317;240
100..300;19;57397066;T;G;0.4900000095367431;285
100..300;2;669670;T;C;0.3339999914169311;295
100..300;2;7109626;A;G;0.1190000027418136;240
100..300;2;29045496;C;T;0.367000013589859;175
100..300;2;37952221;A;T;0.1909999996423721;255
100..300;2;44285717;A;G;0.9950000047683716;125
100..300;2;45006212;A;G;0.3379999995231628;285
100..300;2;46384706;G;C;0.1289999932050705;260
100..300;2;49020159;T;C;0.3339999914169311;150
100..300;2;53808402;C;A;0.1560000032186508;265
100..300;2;53901385;C;G;0.3409999907016754;190
100..300;2;73672842;C;G;0.9940000176429749;205
100..300;2;74557535;T;C;0.1159999966621398;290
100..300;2;94874876;A;T;0.4199999868869781;230
100..300;2;96738168;A;C;0.4099999964237213;220
100..300;2;101308570;T;C;0.5989999771118164;140
100..300;2;110933497;A;G;0.968999981880188;145
100..300;2;169735201;G;A;0.1089999973773956;230
100..300;2;171554528;A;G;0.1319999992847442;230
100..300;2;171855929;C;A;0.0439999997615814;135
100..300;2;172087561;G;A;0.3569999933242798;260
100..300;2;172917794;C;T;0.1220000013709068;225
100..300;2;173910227;A;G;0.0570000000298023;235
100..300;2;175093192;G;C;0.3240000009536743;240
100..300;2;177513817;T;A;0.25;175
100..300;2;190982494;C;G;0.6489999890327454;290
100..300;2;192177574;G;A;0.5249999761581421;100
100..300;2;196026941;G;C;0.2980000078678131;105
100..300;2;197552678;T;A;0.101000003516674;245
100..300;2;200620711;C;G;0.4070000052452087;180
100..300;2;200816181;A;C;0.4569999873638153;210
100..300;2;201330523;G;C;0.5130000114440918;125
100..300;2;201835740;C;A;0.4199999868869781;210
100..300;2;207088424;G;C;0.5630000233650208;125
100..300;2;210658789;A;C;0.5419999957084656;170
100..300;2;216428742;G;C;0.550000011920929;245
100..300;2;218234831;C;G;0.4210000038146972;150
100..300;2;219208260;C;G;0.1860000044107437;270
100..300;2;224770651;A;G;0.5109999775886536;170
100..300;2;233145901;T;C;0.0520000010728836;105
100..300;2;236392011;T;C;0.0820000022649765;120
100..300;20;2312958;T;C;0.625;210
100..300;20;5943958;A;C;0.6140000224113464;105
100..300;20;10054509;C;G;0.6179999709129333;190
100..300;20;23354059;G;C;0.367000013589859;295
100..300;20;31412779;T;A;0.2809999883174896;210
100..300;20;31666142;A;G;0.3079999983310699;175
100..300;20;32216942;T;C;0.6110000014305115;130
100..300;20;35092906;A;G;0.1230000033974647;125
100..300;20;35384132;G;C;0.4679999947547912;245
100..300;20;37996832;A;G;0.061999998986721;120
100..300;20;41164014;C;G;0.5189999938011169;285
100..300;20;41165772;G;C;0.4250000119209289;130
100..300;20;44054176;A;G;0.4979999959468841;220
100..300;20;44492757;T;C;0.5410000085830688;215
100..300;20;44497775;G;C;0.032999999821186;160
100..300;20;44727434;G;C;0.449999988079071;105
100..300;20;58771335;G;C;0.2790000140666961;140
100..300;20;59026831;T;C;0.4650000035762787;195
100..300;21;21418545;T;C;0.0659999996423721;155
100..300;21;37138615;C;G;0.050000000745058;120
100..300;21;46002313;G;A;0.0759999975562095;130
100..300;22;22881081;T;G;0.503000020980835;160
100..300;22;22881098;T;A;0.5049999952316284;150
100..300;22;29536548;G;A;0.2039999961853027;125
100..300;22;35552587;C;G;0.061999998986721;240
100..300;22;37723212;G;GA;0.2529999911785126;190
100..300;22;46256398;G;A;0.4869999885559082;220
100..300;22;46256399;A;G;0.481000006198883;220
100..300;22;47461797;T;C;0.5690000057220459;275
100..300;22;50210823;C;G;0.0890000015497207;290
100..300;22;50243801;C;T;0.7820000052452087;185
100..300;22;50460629;G;C;0.1729999929666519;225
100..300;3;4467286;C;G;0.996999979019165;190
100..300;3;9930194;G;C;0.9940000176429749;220
100..300;3;15668691;G;C;0.9950000047683716;135
100..300;3;37818954;T;G;0.996999979019165;130
100..300;3;38698511;A;G;0.3300000131130218;225
100..300;3;38729038;G;GC;0.3009999990463257;205
100..300;3;39188115;T;A;0.6660000085830688;230
100..300;3;39514207;G;C;0.996999979019165;165
100..300;3;42548945;A;G;0.0740000009536743;205
100..300;3;48747179;G;C;0.9959999918937684;290
100..300;3;49001481;G;C;0.0710000023245811;165
100..300;3;52517960;C;A;0.9959999918937684;190
100..300;3;53089347;T;G;0.996999979019165;130
100..300;3;55888508;C;T;0.0769999995827674;270
100..300;3;56617279;C;G;0.9929999709129332;125
100..300;3;58204923;G;T;0.9929999709129332;155
100..300;3;72997533;A;T;0.0649999976158142;200
100..300;3;100401698;T;C;0.9950000047683716;135
100..300;3;121697677;C;G;0.9900000095367432;105
100..300;3;122615322;G;T;0.9959999918937684;190
100..300;3;127690188;T;C;0.1340000033378601;135
100..300;3;129561740;A;G;0.2399999946355819;100
100..300;3;130409353;T;G;0.5099999904632568;260
100..300;3;132505476;G;A;0.2479999959468841;100
100..300;3;160448892;T;G;0.0520000010728836;115
100..300;3;171138370;T;G;0.2010000050067901;160
100..300;3;172353067;T;C;0.2680000066757202;250
100..300;3;179563151;A;T;0.1410000026226043;200
100..300;3;184141962;C;G;0.2759999930858612;200
100..300;3;184357968;A;G;0.3079999983310699;110
100..300;3;186164998;T;C;0.6370000243186951;170
100..300;3;187223151;C;T;0.2980000078678131;160
100..300;4;343934;T;C;0.1190000027418136;140
100..300;4;442068;C;T;0.2949999868869781;260
100..300;4;5757954;A;G;0.9950000047683716;115
100..300;4;5757955;T;G;0.9950000047683716;115
100..300;4;10440270;C;G;0.125;180
100..300;4;13614633;A;C;0.0939999967813491;230
100..300;4;25676653;G;C;0.5730000138282776;115
100..300;4;38943498;T;C;0.090999998152256;270
100..300;4;40808809;G;A;0.5529999732971191;180
100..300;4;44707451;G;C;0.4460000097751617;165
100..300;4;47624021;A;G;0.3210000097751617;100
100..300;4;52862472;G;C;0.5849999785423279;100
100..300;4;52873700;A;G;0.0869999974966049;210
100..300;4;56436233;A;G;0.4009999930858612;110
100..300;4;69019673;T;C;0.0869999974966049;165
100..300;4;70163874;T;C;0.0540000014007091;255
100..300;4;74450508;A;C;0.0549999997019767;120
100..300;4;86769842;C;T;0.356000006198883;140
100..300;4;87529167;G;C;0.6660000085830688;115
100..300;4;99654591;T;C;0.2240000069141388;155
100..300;4;107950646;C;G;0.2599999904632568;280
100..300;4;107953333;A;C;0.4990000128746032;115
100..300;4;110050425;G;C;0.460999995470047;250
100..300;4;128098247;A;G;0.0540000014007091;155
100..300;4;139533433;G;C;0.2349999994039535;145
100..300;4;154236173;C;T;0.050000000745058;235
100..300;4;169095206;G;C;0.9919999837875366;120
100..300;4;174320290;C;T;0.9959999918937684;215
100..300;4;175633113;A;G;0.4589999914169311;285
100..300;4;176120051;G;A;0.3989999890327453;240
100..300;4;176120052;A;G;0.4009999930858612;235
100..300;4;186192069;T;G;0.0359999984502792;150
100..300;5;10353764;G;C;0.2469999939203262;235
100..300;5;14507135;T;C;0.2329999953508377;180
100..300;5;16473681;T;G;0.4950000047683716;200
100..300;5;35878606;T;G;0.2460000067949295;175
100..300;5;37299405;G;C;0.481000006198883;160
100..300;5;42688843;A;T;0.6759999990463257;255
100..300;5;73089707;A;C;0.9959999918937684;110
100..300;5;73909347;G;C;0.9959999918937684;195
100..300;5;77432423;A;G;0.1979999989271164;130
100..300;5;102236752;G;T;0.4569999873638153;125
100..300;5;103104741;A;G;0.0989999994635582;260
100..300;5;133103959;C;T;0.9959999918937684;110
100..300;5;134606262;T;C;0.9980000257492064;170
100..300;5;136274699;T;C;0.4729999899864197;105
100..300;5;138561034;T;C;0.9929999709129332;210
100..300;5;140526448;G;A;0.0989999994635582;170
100..300;5;140795698;G;C;0.3149999976158142;270
100..300;5;141332648;T;C;0.6729999780654907;100
100..300;5;142152302;G;C;0.996999979019165;260
100..300;5;157743914;C;A;0.3619999885559082;145
100..300;5;158712060;G;C;0.6610000133514404;120
100..300;5;160354994;A;G;0.3079999983310699;110
100..300;5;160688102;G;C;0.0750000029802322;160
100..300;5;168663563;C;G;0.1369999945163726;145
100..300;5;177460555;T;C;0.3009999990463257;195
100..300;5;177460556;A;C;0.3009999990463257;200
100..300;5;178932532;T;G;0.0759999975562095;120
100..300;6;70190344;C;G;0.2569999992847442;115
100..300;6;72292063;A;G;0.0930000022053718;280
100..300;6;79699851;C;G;0.2840000092983246;130
100..300;6;83523696;A;G;0.2960000038146972;205
100..300;6;109451608;T;G;0.9929999709129332;205
100..300;6;116545716;C;T;0.0469999983906745;160
100..300;6;118491774;A;G;0.6589999794960022;180
100..300;6;127969860;C;G;0.996999979019165;245
100..300;6;132391535;GT;G;0.8529999852180481;195
100..300;6;132608848;A;G;0.1539999991655349;145
100..300;6;142760564;C;T;0.1959999948740005;240
100..300;6;144789209;T;A;0.1389999985694885;240
100..300;6;150841324;G;A;0.3210000097751617;265
100..300;6;152326289;A;G;0.9940000176429749;150
100..300;6;155244748;C;G;0.1360000073909759;285
100..300;6;157133136;C;G;0.9959999918937684;180
100..300;6;166306502;A;G;0.2560000121593475;105
100..300;7;2712473;T;G;0.3759999871253967;105
100..300;7;29947395;C;T;0.3409999907016754;145
100..300;7;30667184;C;T;0.3729999959468841;250
100..300;7;44044659;C;G;0.6349999904632568;225
100..300;7;44254518;G;A;0.3310000002384186;100
100..300;7;47833095;A;G;0.2750000059604645;100
100..300;7;55399981;G;T;0.3379999995231628;185
100..300;7;73469636;C;G;0.3379999995231628;220
100..300;7;74601327;T;G;0.3379999995231628;120
100..300;7;81967663;G;A;0.0759999975562095;135
100..300;7;97006044;C;G;0.375;105
100..300;7;98953141;C;G;0.4110000133514404;160
100..300;7;100466864;G;GGGACACGGGGACATTAAAGCTGCATA;0.1309999972581863;205
100..300;7;100479150;A;T;0.1860000044107437;130
100..300;7;102317256;G;A;0.2010000050067901;290
100..300;7;128815876;G;C;0.1909999996423721;120
100..300;7;131504508;A;G;0.1650000065565109;250
100..300;7;137577331;A;G;0.8149999976158142;240
100..300;7;138116854;G;C;0.8289999961853027;195
100..300;7;138583927;T;C;0.2119999974966049;165
100..300;7;138771115;T;A;0.2169999927282333;115
100..300;7;138771116;A;G;0.2169999927282333;115
100..300;7;142646414;T;C;0.1129999980330467;185
100..300;7;151000647;A;G;0.2179999947547912;105
100..300;7;151181250;T;C;0.1120000034570694;160
100..300;7;152435965;C;G;0.0780000016093254;120
100..300;7;155395399;T;C;0.2060000002384185;205
100..300;7;155462476;G;A;0.0640000030398368;120
100..300;7;157005552;A;G;0.1299999952316284;115
100..300;8;6757635;G;C;0.9980000257492064;165
100..300;8;54627056;T;A;0.996999979019165;120
100..300;8;60866898;C;G;0.3389999866485595;270
100..300;8;66134925;A;G;0.3079999983310699;250
100..300;8;66813874;T;C;0.3339999914169311;130
100..300;8;67086875;A;C;0.3499999940395355;165
100..300;8;67267309;G;A;0.335999995470047;135
100..300;8;71362098;G;C;0.3470000028610229;150
100..300;8;73421503;T;G;0.1019999980926513;260
100..300;8;94928300;C;T;0.0370000004768371;215
100..300;8;94930450;C;G;0.2619999945163727;225
100..300;8;98951689;A;G;0.3840000033378601;110
100..300;8;108083619;A;C;0.4490000009536743;205
100..300;8;109440818;T;C;0.2639999985694885;150
100..300;8;119557083;C;G;0.3619999885559082;170
100..300;8;123182203;C;T;0.3210000097751617;185
100..300;8;123209636;T;C;0.2820000052452087;110
100..300;8;124973353;G;GAGGGGGTACCTTCCTCCCGGACCGCTGGGGGTGC;0.0659999996423721;275
100..300;8;138737577;A;C;0.1700000017881393;245
100..300;8;142774705;C;G;0.1650000065565109;260
100..300;8;143805314;C;A;0.1689999997615814;120
100..300;8;143805342;A;C;0.0640000030398368;150
100..300;8;144413906;A;C;0.9980000257492064;170
100..300;8;144811108;G;C;0.1829999983310699;205
100..300;8;144878996;G;C;0.3619999885559082;150
100..300;9;5769270;T;C;0.5130000114440918;275
100..300;9;14784671;G;C;0.4990000128746032;240
100..300;9;32450033;A;G;0.1150000020861625;230
100..300;9;35750918;T;C;0.9929999709129332;160
100..300;9;77358275;T;C;0.328000009059906;195
100..300;9;89065521;T;C;0.3339999914169311;220
100..300;9;97365646;T;C;0.6769999861717224;245
100..300;9;99826856;A;C;0.3289999961853027;150
100..300;9;105548555;G;C;0.6660000085830688;125
100..300;9;111383231;T;C;0.0359999984502792;275
100..300;9;112275987;C;T;0.0970000028610229;270
100..300;9;113485515;T;A;0.9879999756813048;135
100..300;9;120858191;A;G;0.5009999871253967;170
100..300;9;127445102;G;A;0.0860000029206276;170
100..300;9;131578310;G;A;0.0659999996423721;170
100..300;9;137086862;C;T;0.2680000066757202;125
100..300;9;137280377;T;C;0.7239999771118164;100
100..300;9;137436072;T;C;0.3529999852180481;145
100..300;9;137879161;C;T;0.2460000067949295;230
≥300;1;16395272;T;C;0.859000027179718;325
≥300;1;35920839;T;G;0.1230000033974647;335
≥300;1;43977964;T;C;0.2150000035762787;.
≥300;1;50203199;A;G;0.0649999976158142;.
≥300;1;52055641;A;G;0.2460000067949295;305
≥300;1;52894697;C;A;0.6449999809265137;.
≥300;1;63437079;T;G;0.3610000014305115;.
≥300;1;64832540;T;C;0.3429999947547912;.
≥300;1;85319066;G;C;0.2619999945163727;.
≥300;1;86453474;A;G;0.5379999876022339;.
≥300;1;119895936;T;C;0.2039999961853027;.
≥300;1;119966549;A;G;0.19200000166893;.
≥300;1;154480758;G;A;0.1620000004768371;.
≥300;1;161623483;A;G;0.3140000104904175;.
≥300;1;169888836;G;C;0.0570000000298023;300
≥300;1;171704133;G;C;0.2949999868869781;345
≥300;1;172309527;G;C;0.6809999942779541;.
≥300;1;176711958;G;A;0.1289999932050705;325
≥300;1;183235431;G;C;0.3389999866485595;.
≥300;1;183880711;C;A;0.3120000064373016;335
≥300;1;193020407;G;A;0.0610000006854534;.
≥300;1;196995756;G;A;0.3210000097751617;.
≥300;1;200029019;G;C;0.6840000152587891;.
≥300;1;200858296;T;TATGTGTTATCAG;0.2460000067949295;.
≥300;1;205612985;C;G;0.6269999742507935;.
≥300;1;206474453;G;C;0.3880000114440918;.
≥300;1;225402193;A;G;0.4250000119209289;.
≥300;1;231423619;A;C;0.0820000022649765;.
≥300;1;248239030;T;C;0.4339999854564667;.
≥300;10;13123166;C;T;0.0450000017881393;310
≥300;10;18680490;A;G;0.9940000176429749;.
≥300;10;89420839;G;C;0.996999979019165;305
≥300;10;119827430;G;T;0.1140000000596046;.
≥300;10;125740509;A;C;0.4129999876022339;.
≥300;10;125859826;C;G;0.996999979019165;.
≥300;11;56542447;C;T;0.2560000121593475;.
≥300;11;58190517;A;G;0.2010000050067901;.
≥300;11;58190708;T;A;0.5609999895095825;.
≥300;11;59364559;A;T;0.2090000063180923;.
≥300;11;60047594;A;C;0.4449999928474426;.
≥300;11;60708823;C;T;0.5519999861717224;305
≥300;11;62752451;A;G;0.5180000066757202;.
≥300;11;63290370;A;G;0.5490000247955322;.
≥300;11;64593670;C;G;0.0570000000298023;.
≥300;11;70087777;T;C;0.2060000002384185;325
≥300;12;889170;G;C;0.6949999928474426;325
≥300;12;12612221;G;C;0.2370000034570694;305
≥300;12;24812289;A;G;0.2119999974966049;.
≥300;12;27962641;C;T;0.3100000023841858;.
≥300;12;32108541;G;C;0.6700000166893005;.
≥300;12;70336611;G;C;0.9869999885559082;.
≥300;12;91178613;A;G;0.5009999871253967;.
≥300;14;23270553;G;A;0.1030000001192092;.
≥300;14;23273393;G;C;0.4819999933242798;.
≥300;14;24311695;T;A;0.0520000010728836;310
≥300;14;26447828;T;A;0.4040000140666961;330
≥300;14;28769266;C;G;0.593999981880188;.
≥300;14;32773881;T;G;0.5759999752044678;.
≥300;14;50886809;T;C;0.4729999899864197;325
≥300;14;51968123;G;A;0.2509999871253967;.
≥300;14;54538631;A;C;0.101000003516674;.
≥300;14;60286594;A;T;0.1089999973773956;.
≥300;14;75292133;T;C;0.2409999966621399;.
≥300;14;91783160;A;T;0.1509999930858612;.
≥300;14;92515490;G;A;0.8299999833106995;335
≥300;14;94382908;G;C;0.1650000065565109;.
≥300;14;94467338;G;A;0.0649999976158142;.
≥300;14;96090629;G;C;0.163000002503395;.
≥300;14;101986509;G;C;0.0579999983310699;.
≥300;15;39253816;C;G;0.5;.
≥300;15;39599361;T;C;0.4959999918937683;.
≥300;15;56918208;G;C;0.0489999987185001;.
≥300;15;59135873;C;G;0.5260000228881836;.
≥300;15;61852393;T;C;0.515999972820282;.
≥300;15;71824289;C;T;0.1500000059604644;.
≥300;15;78475939;A;T;0.2370000034570694;.
≥300;15;84036951;T;A;0.2730000019073486;.
≥300;15;89196959;T;TACTTTAAA;0.202000007033348;.
≥300;15;90931551;C;T;0.0729999989271164;.
≥300;15;100580747;C;G;0.6320000290870667;.
≥300;15;101653790;G;C;0.2259999960660934;.
≥300;16;12910638;G;T;0.2039999961853027;.
≥300;16;21705190;T;C;0.2150000035762787;305
≥300;16;22116742;C;T;0.3330000042915344;.
≥300;16;24806461;A;T;0.4869999885559082;.
≥300;16;25246938;T;C;0.4679999947547912;.
≥300;16;29980814;A;G;0.4939999878406524;.
≥300;16;30894580;C;G;0.4869999885559082;.
≥300;16;31755396;C;T;0.2520000040531158;.
≥300;17;36071227;G;C;0.9950000047683716;320
≥300;17;40835792;G;A;0.0579999983310699;.
≥300;17;68255834;C;G;0.0900000035762786;.
≥300;17;72123715;G;C;0.0930000022053718;.
≥300;17;76565610;G;C;0.4950000047683716;.
≥300;17;78215833;A;G;0.0480000004172325;345
≥300;18;10670330;G;C;0.4779999852180481;.
≥300;18;26057772;C;G;0.5009999871253967;.
≥300;18;31874325;C;G;0.4990000128746032;.
≥300;18;36067342;G;C;0.4709999859333038;.
≥300;18;45065001;T;A;0.248999997973442;.
≥300;18;46263224;A;C;0.0590000003576278;.
≥300;18;54357870;A;G;0.1539999991655349;320
≥300;18;54907757;C;G;0.1620000004768371;.
≥300;18;57031501;T;C;0.3389999866485595;305
≥300;19;8955984;A;G;0.4600000083446502;345
≥300;19;23492164;T;A;0.2509999871253967;.
≥300;19;54808956;T;C;0.2770000100135803;.
≥300;19;56578884;G;A;0.101000003516674;.
≥300;2;31366061;C;G;0.9980000257492064;310
≥300;2;36846676;G;C;0.2370000034570694;.
≥300;2;46905211;C;G;0.6370000243186951;.
≥300;2;47806320;A;G;0.3050000071525574;.
≥300;2;61348285;G;C;0.3409999907016754;.
≥300;2;88735662;A;C;0.3919999897480011;320
≥300;2;97211773;T;C;0.1490000039339065;.
≥300;2;157736941;T;C;0.1669999957084655;335
≥300;2;159555875;T;G;0.9950000047683716;.
≥300;2;160107762;A;T;0.2329999953508377;.
≥300;2;164502295;C;T;0.061999998986721;.
≥300;2;166197758;C;G;0.2599999904632568;.
≥300;2;168907735;C;T;0.0590000003576278;.
≥300;2;172065717;A;T;0.6489999890327454;.
≥300;2;178560787;T;C;0.1150000020861625;305
≥300;2;182981198;A;G;0.2469999939203262;310
≥300;2;183095803;T;C;0.2560000121593475;.
≥300;2;189561579;T;C;0.2329999953508377;.
≥300;2;216503292;C;G;0.0949999988079071;345
≥300;2;222689428;T;G;0.1260000020265579;305
≥300;2;227702681;G;C;0.2870000004768371;345
≥300;2;227893863;T;C;0.2750000059604645;.
≥300;20;35650480;G;C;0.4350000023841858;.
≥300;20;35734879;T;C;0.4469999969005584;.
≥300;20;41440135;G;C;0.546999990940094;.
≥300;20;59944226;G;A;0.4950000047683716;.
≥300;22;23573199;T;A;0.3109999895095825;.
≥300;22;23573200;A;G;0.3109999895095825;.
≥300;22;23875150;A;G;0.050000000745058;.
≥300;22;29141977;A;G;0.492000013589859;.
≥300;22;32517993;G;C;0.4059999883174896;.
≥300;22;35726447;T;G;0.0469999983906745;.
≥300;22;37374978;A;G;0.1609999984502792;340
≥300;22;37570268;G;C;0.4900000095367431;.
≥300;22;41524891;C;G;0.2399999946355819;.
≥300;22;46257699;A;G;0.2649999856948852;305
≥300;22;49824243;A;G;0.0540000014007091;.
≥300;22;50177152;T;C;0.9980000257492064;.
≥300;22;50281816;T;G;0.2039999961853027;345
≥300;3;406942;T;A;0.0710000023245811;.
≥300;3;11790404;G;C;0.0529999993741512;.
≥300;3;36714947;G;A;0.1389999985694885;305
≥300;3;43349384;A;G;0.0780000016093254;.
≥300;3;57899167;T;G;0.2849999964237213;.
≥300;3;57899171;T;G;0.2860000133514404;.
≥300;3;138759267;A;G;0.0410000011324882;310
≥300;3;142807736;A;G;0.5009999871253967;.
≥300;3;182919139;G;C;0.2709999978542328;.
≥300;3;183071212;G;T;0.1070000007748603;.
≥300;3;183228132;C;G;0.2560000121593475;.
≥300;3;184014319;A;C;0.0390000008046627;325
≥300;3;184136964;A;C;0.3230000138282776;.
≥300;3;189738589;G;A;0.3350000083446502;.
≥300;3;190657232;T;C;0.2930000126361847;.
≥300;4;10440223;C;G;0.1110000014305114;315
≥300;4;46368552;T;A;0.5350000262260437;.
≥300;4;70482112;T;C;0.2949999868869781;.
≥300;4;70482617;C;G;0.6069999933242798;.
≥300;4;94291222;A;G;0.2619999945163727;.
≥300;4;97187392;A;C;0.1780000030994415;.
≥300;4;100410302;C;G;0.2249999940395355;.
≥300;4;103145956;G;C;0.2220000028610229;.
≥300;4;110559664;C;G;0.2770000100135803;.
≥300;4;112278288;A;G;0.2739999890327453;315
≥300;4;118740663;T;C;0.2669999897480011;.
≥300;4;119494562;G;C;0.2479999959468841;.
≥300;4;121932626;A;C;0.2179999947547912;.
≥300;4;133155028;T;G;0.4779999852180481;.
≥300;4;154322810;C;G;0.99099999666214;.
≥300;5;432462;A;G;0.3240000009536743;.
≥300;5;1331836;A;C;0.3269999921321869;.
≥300;5;1814505;A;G;0.31700000166893;.
≥300;5;6668718;G;C;0.3289999961853027;335
≥300;5;7886680;C;G;0.3330000042915344;.
≥300;5;23521054;G;C;0.4930000007152557;.
≥300;5;35807687;C;G;0.0570000000298023;330
≥300;5;38478677;G;C;0.3269999921321869;.
≥300;5;72914431;G;T;0.1589999943971634;.
≥300;5;103129447;G;C;0.9980000257492064;.
≥300;5;141182171;T;C;0.3529999852180481;.
≥300;5;141351877;T;C;0.6330000162124634;.
≥300;5;175528598;G;GA;0.1030000001192092;340
≥300;5;175528605;C;T;0.1180000007152557;340
≥300;5;179034078;G;A;0.1299999952316284;.
≥300;6;89162237;C;G;0.0700000002980232;.
≥300;6;116516500;A;C;0.1679999977350235;.
≥300;6;117709850;G;C;0.2230000048875808;.
≥300;6;122781240;G;C;0.3420000076293945;.
≥300;6;167041641;T;C;0.6320000290870667;.
≥300;7;28823878;T;G;0.6340000033378601;.
≥300;7;33605419;G;C;0.3420000076293945;.
≥300;7;44878100;A;G;0.3409999907016754;.
≥300;7;75535086;C;G;0.3650000095367431;.
≥300;7;82908983;G;C;0.4020000100135803;.
≥300;7;82916603;A;C;0.2039999961853027;.
≥300;7;85050623;G;C;0.0469999983906745;.
≥300;7;93922260;T;C;0.0820000022649765;.
≥300;7;100188780;T;C;0.3880000114440918;.
≥300;7;107208223;C;G;0.0480000004172325;315
≥300;7;107774037;C;G;0.0710000023245811;.
≥300;7;112821985;T;G;0.1669999957084655;345
≥300;7;113879732;T;G;0.0390000008046627;.
≥300;7;115014479;G;C;0.31700000166893;.
≥300;7;120956238;C;CTCTTTTTCATTTGAAACA;0.1019999980926513;.
≥300;7;122320144;T;C;0.0419999994337558;.
≥300;7;123570897;T;A;0.0979999974370002;335
≥300;7;129657419;C;A;0.0419999994337558;.
≥300;7;130686475;A;G;0.8159999847412109;.
≥300;7;143294765;C;A;0.0920000001788139;.
≥300;7;150795289;T;C;0.8619999885559082;335
≥300;7;151366935;T;C;0.0689999982714653;310
≥300;7;154587903;A;G;0.1220000013709068;.
≥300;7;157618002;G;C;0.0839999988675117;.
≥300;8;66919984;G;C;0.31700000166893;.
≥300;8;95247528;T;G;0.2860000133514404;.
≥300;8;107497939;A;G;0.257999986410141;.
≥300;8;119570833;A;G;0.0680000036954879;300
≥300;8;123220221;AGGGCTAC;A;0.8119999766349792;.
≥300;8;123220247;A;C;0.135000005364418;.
≥300;8;125067720;C;CTAGAAACAGGAAAAGTGTTACCTGCT;0.0509999990463256;.
≥300;8;125102411;C;G;0.2569999992847442;.
≥300;8;125436371;T;C;0.1509999930858612;.
≥300;8;125436372;T;C;0.1509999930858612;.
≥300;8;132100024;G;A;0.1500000059604644;.
≥300;8;132141243;G;C;0.3680000007152557;.
≥300;8;133459437;T;C;0.1589999943971634;345
≥300;8;140818848;C;T;0.1589999943971634;.
≥300;8;143572516;T;C;0.061999998986721;.
≥300;8;144474144;G;C;0.1580000072717666;305
≥300;9;3825257;T;G;0.5080000162124634;.
≥300;9;3825296;C;G;0.5210000276565552;.
≥300;9;5922534;C;G;0.4639999866485595;.
≥300;9;81992223;G;C;0.6740000247955322;.
≥300;9;105607844;A;G;0.6690000295639038;.
≥300;9;105607846;A;T;0.6669999957084656;.
≥300;9;133405468;C;G;0.4359999895095825;315
